   0 +0.0000000000000000E+00 +2.0000000000000000E+01 +5.0527483431829268E-14 
   1 +3.0000000000000000E+00 +2.0000000000000000E+01 +4.0421986745463435E-14 
   2 +6.0000000000000000E+00 +2.0000000000000000E+01 +2.7790115887506193E-14 
   3 +9.0000000000000000E+00 +2.0000000000000000E+01 +2.6526928801710464E-14 
   4 +1.2000000000000000E+01 +2.0000000000000000E+01 +2.7790115887506108E-14 
   5 +1.5000000000000000E+01 +2.0000000000000000E+01 +2.2737367544323280E-14 
   6 +1.8000000000000000E+01 +2.0000000000000000E+01 +3.5369238402280518E-14 
   7 +2.1000000000000000E+01 +2.0000000000000000E+01 +2.1474180458527484E-14 
   8 +2.4000000000000000E+01 +2.0000000000000000E+01 +4.2948360917054956E-14 
   9 +2.7000000000000000E+01 +2.0000000000000000E+01 +2.4000554630118968E-14 
  10 +3.0000000000000000E+01 +2.0000000000000000E+01 +2.4000554630118962E-14 
  11 +3.3000000000000000E+01 +2.0000000000000000E+01 +6.3159354289787121E-15 
  12 +3.6000000000000000E+01 +2.0000000000000000E+01 +1.8947806286936032E-14 
  13 +3.9000000000000000E+01 +2.0000000000000000E+01 +2.1474180458527440E-14 
  14 +4.2000000000000000E+01 +2.0000000000000000E+01 +2.9053302973301859E-14 
  15 +4.5000000000000000E+01 +2.0000000000000000E+01 -6.3159354289786269E-15 
  16 +4.8000000000000000E+01 +2.0000000000000000E+01 -1.2631870857957334E-14 
  17 +5.1000000000000000E+01 +2.0000000000000000E+01 -2.5263741715914678E-14 
  18 +5.4000000000000000E+01 +2.0000000000000000E+01 +3.7895612573871986E-15 
  19 +5.7000000000000000E+01 +2.0000000000000000E+01 +1.2631870857957410E-15 
  20 +6.0000000000000000E+01 +2.0000000000000000E+01 -2.5263741715914797E-15 
  21 +6.3000000000000000E+01 +2.0000000000000000E+01 -1.2631870857957336E-14 
  22 +6.6000000000000000E+01 +2.0000000000000000E+01 +1.2631870857957333E-14 
  23 +6.9000000000000000E+01 +2.0000000000000000E+01 -1.1368683772161586E-14 
  24 +7.2000000000000000E+01 +2.0000000000000000E+01 +7.5791225147743987E-15 
  25 +7.5000000000000000E+01 +2.0000000000000000E+01 +1.7684619201140259E-14 
  26 +7.8000000000000000E+01 +2.0000000000000000E+01 -6.3159354289786585E-15 
  27 +8.1000000000000000E+01 +2.0000000000000000E+01 -1.8947806286936001E-14 
  28 +8.4000000000000000E+01 +2.0000000000000000E+01 -1.6421432115344511E-14 
  29 +8.7000000000000000E+01 +2.0000000000000000E+01 -5.0527483431829072E-15 
  30 +9.0000000000000000E+01 +2.0000000000000000E+01 -1.2631870857957342E-14 
  31 +9.3000000000000000E+01 +2.0000000000000000E+01 -1.0105496686365868E-14 
  32 +9.6000000000000000E+01 +2.0000000000000000E+01 -6.3159354289786317E-15 
  33 +9.9000000000000000E+01 +2.0000000000000000E+01 -2.5263741715914684E-14 
  34 +1.0200000000000000E+02 +2.0000000000000000E+01 +2.0210993372731733E-14 
  35 +1.0500000000000000E+02 +2.0000000000000000E+01 -1.2631870857957126E-15 
  36 +1.0800000000000000E+02 +2.0000000000000000E+01 -1.7684619201140259E-14 
  37 +1.1100000000000000E+02 +2.0000000000000000E+01 +1.6421432115344520E-14 
  38 +1.1400000000000000E+02 +2.0000000000000000E+01 -1.0105496686365840E-14 
  39 +1.1700000000000000E+02 +2.0000000000000000E+01 -3.7895612573871938E-15 
  40 +1.2000000000000000E+02 +2.0000000000000000E+01 -1.7684619201140246E-14 
  41 +1.2300000000000000E+02 +2.0000000000000000E+01 -2.1474180458527450E-14 
  42 +1.2600000000000000E+02 +2.0000000000000000E+01 -1.6421432115344523E-14 
  43 +1.2900000000000000E+02 +2.0000000000000000E+01 -7.5791225147743971E-15 
  44 +1.3200000000000000E+02 +2.0000000000000000E+01 -1.7684619201140278E-14 
  45 +1.3500000000000000E+02 +2.0000000000000000E+01 -2.0210993372731733E-14 
  46 +1.3800000000000000E+02 +2.0000000000000000E+01 -7.5791225147744003E-15 
  47 +1.4100000000000000E+02 +2.0000000000000000E+01 +3.9443045261050590E-30 
  48 +1.4400000000000000E+02 +2.0000000000000000E+01 +2.1474180458527469E-14 
  49 +1.4700000000000000E+02 +2.0000000000000000E+01 -1.6421432115344546E-14 
  50 +1.5000000000000000E+02 +2.0000000000000000E+01 -1.6421432115344527E-14 
  51 +1.5300000000000000E+02 +2.0000000000000000E+01 -1.8947806286936010E-14 
  52 +1.5600000000000000E+02 +2.0000000000000000E+01 +1.3895057943753064E-14 
  53 +1.5900000000000000E+02 +2.0000000000000000E+01 -1.3895057943753059E-14 
  54 +1.6200000000000000E+02 +2.0000000000000000E+01 -2.0210993372731711E-14 
  55 +1.6500000000000000E+02 +2.0000000000000000E+01 +1.2631870857957406E-15 
  56 +1.6800000000000000E+02 +2.0000000000000000E+01 +1.2631870857957166E-15 
  57 +1.7100000000000000E+02 +2.0000000000000000E+01 +1.2631870857957328E-14 
  58 +1.7400000000000000E+02 +2.0000000000000000E+01 +2.2737367544323214E-14 
  59 +1.7700000000000000E+02 +2.0000000000000000E+01 +2.1474180458527472E-14 
  60 +1.8000000000000000E+02 +2.0000000000000000E+01 +7.5791225147744177E-15 
  61 +1.8300000000000000E+02 +2.0000000000000000E+01 -1.3895057943753068E-14 
  62 +1.8600000000000000E+02 +2.0000000000000000E+01 +1.2631870857957355E-15 
  63 +1.8900000000000000E+02 +2.0000000000000000E+01 +1.2631870857957338E-14 
  64 +1.9200000000000000E+02 +2.0000000000000000E+01 +2.5263741715914666E-14 
  65 +1.9500000000000000E+02 +2.0000000000000000E+01 +1.8947806286936001E-14 
  66 +1.9800000000000000E+02 +2.0000000000000000E+01 +1.8947806286935985E-14 
  67 +2.0100000000000000E+02 +2.0000000000000000E+01 +3.6632425488076291E-14 
  68 +2.0400000000000000E+02 +2.0000000000000000E+01 +2.5263741715914552E-15 
  69 +2.0700000000000000E+02 +2.0000000000000000E+01 +5.0527483431829459E-15 
  70 +2.1000000000000000E+02 +2.0000000000000000E+01 +3.6632425488076291E-14 
  71 +2.1300000000000000E+02 +2.0000000000000000E+01 +1.2631870857957322E-14 
  72 +2.1600000000000000E+02 +2.0000000000000000E+01 -3.4106051316484827E-14 
  73 +2.1900000000000000E+02 +2.0000000000000000E+01 +1.6566079009641248E-29 
  74 +2.2200000000000000E+02 +2.0000000000000000E+01 +3.7895612573872014E-14 
  75 +2.2500000000000000E+02 +2.0000000000000018E+01 -2.4253192047278086E-13 
  76 +2.2800000000000000E+02 +2.0000000000000092E+01 -1.2783453308252824E-12 
  77 +2.3100000000000000E+02 +2.0000000000000171E+01 -2.4417406368431528E-12 
  78 +2.3400000000000000E+02 +2.0000000000000110E+01 -1.4526651486650932E-12 
  79 +2.3700000000000000E+02 +1.9999999999999709E+01 +4.1647278218685330E-12 
  80 +2.4000000000000000E+02 +1.9999999999999115E+01 +1.2390602124570354E-11 
  81 +2.4300000000000000E+02 +1.9999999999999130E+01 +1.2311021338165221E-11 
  82 +2.4600000000000000E+02 +2.0000000000000810E+01 -1.1349735965874666E-11 
  83 +2.4900000000000000E+02 +2.0000000000003986E+01 -5.5789920831254375E-11 
  84 +2.5200000000000000E+02 +2.0000000000005254E+01 -7.3541488947941827E-11 
  85 +2.5500000000000000E+02 +1.9999999999998749E+01 +1.7593669730962982E-11 
  86 +2.5800000000000000E+02 +1.9999999999982688E+01 +2.4257234245952627E-10 
  87 +2.6100000000000000E+02 +1.9999999999969770E+01 +4.2356936723485371E-10 
  88 +2.6400000000000000E+02 +1.9999999999989136E+01 +1.5224941307678817E-10 
  89 +2.6700000000000000E+02 +2.0000000000062553E+01 -8.7616803688837933E-10 
  90 +2.7000000000000000E+02 +2.0000000000154078E+01 -2.1582688229197324E-09 
  91 +2.7300000000000000E+02 +2.0000000000135657E+01 -1.9002502287750972E-09 
  92 +2.7600000000000000E+02 +1.9999999999851667E+01 +2.0780753907779897E-09 
  93 +2.7900000000000000E+02 +1.9999999999333166E+01 +9.3414845044511197E-09 
  94 +2.8200000000000000E+02 +1.9999999999049386E+01 +1.3316830265668818E-08 
  95 +2.8500000000000000E+02 +1.9999999999850534E+01 +2.0939107040855249E-09 
  96 +2.8800000000000000E+02 +2.0000000002215543E+01 -3.1036444801833969E-08 
  97 +2.9100000000000000E+02 +2.0000000004923816E+01 -6.8975570381250374E-08 
  98 +2.9400000000000000E+02 +2.0000000004339213E+01 -6.0786296924359499E-08 
  99 +2.9700000000000000E+02 +1.9999999996280035E+01 +5.2111319190670546E-08 
 100 +3.0000000000000000E+02 +1.9999999981342317E+01 +2.6136754185144021E-07 
 101 +3.0300000000000000E+02 +1.9999999970680612E+01 +4.1072290994432271E-07 
 102 +3.0600000000000000E+02 +1.9999999984847403E+01 +2.1226643032908511E-07 
 103 +3.0900000000000000E+02 +2.0000000038986819E+01 -5.4614938689054614E-07 
 104 +3.1200000000000000E+02 +2.0000000117819084E+01 -1.6504766045323373E-06 
 105 +3.1500000000000000E+02 +2.0000000158885758E+01 -2.2257618626200479E-06 
 106 +3.1800000000000000E+02 +2.0000000068101794E+01 -9.5400844833824867E-07 
 107 +3.2100000000000000E+02 +1.9999999777086622E+01 +3.1226974973227084E-06 
 108 +3.2400000000000000E+02 +1.9999999326562303E+01 +9.4338981512009926E-06 
 109 +3.2700000000000000E+02 +1.9999998945663844E+01 +1.4769739995143836E-05 
 110 +3.3000000000000000E+02 +1.9999999087929989E+01 +1.2776794931647193E-05 
 111 +3.3300000000000000E+02 +2.0000000335933358E+01 -4.7059455368980711E-06 
 112 +3.3600000000000000E+02 +2.0000002993382164E+01 -4.1933004864505262E-05 
 113 +3.3900000000000000E+02 +2.0000006194947822E+01 -8.6782375888105876E-05 
 114 +3.4200000000000000E+02 +2.0000006714743314E+01 -9.4063975296244804E-05 
 115 +3.4500000000000000E+02 +1.9999998319599634E+01 +2.3539999436808212E-05 
 116 +3.4800000000000000E+02 +1.9999972962704042E+01 +3.7875346423940452E-04 
 117 +3.5100000000000000E+02 +1.9999924688014644E+01 +1.0550102063992502E-03 
 118 +3.5400000000000000E+02 +1.9999855550628553E+01 +2.0235179265493267E-03 
 119 +3.5700000000000000E+02 +1.9999780675834625E+01 +3.0723921964307815E-03 
 120 +3.6000000000000000E+02 +1.9999726378466811E+01 +3.8330019933949977E-03 
 121 +3.6300000000000000E+02 +1.9999704466746834E+01 +4.1398974812990579E-03 
 122 +3.6600000000000000E+02 +1.9999614689455743E+01 +5.3972640226435126E-03 
 123 +3.6900000000000000E+02 +1.9998606585224021E+01 +1.9518347236209540E-02 
 124 +3.7200000000000000E+02 +1.9994543302674160E+01 +7.6423855906634544E-02 
 125 +3.7500000000000000E+02 +1.9986254453253327E+01 +1.9245555959507654E-01 
 126 +3.7800000000000000E+02 +1.9971962172617758E+01 +3.9235812763356914E-01 
 127 +3.8100000000000000E+02 +1.9949685644266456E+01 +7.0350409704733308E-01 
 128 +3.8400000000000000E+02 +1.9918765101164080E+01 +1.1345159926519384E+00 
 129 +3.8700000000000000E+02 +1.9880345176437089E+01 +1.6686628981866922E+00 
 130 +3.9000000000000000E+02 +1.9836528198434930E+01 +2.2759471631976611E+00 
 131 +3.9300000000000000E+02 +1.9789232441915601E+01 +2.9291734826791180E+00 
 132 +3.9600000000000000E+02 +1.9739706410899760E+01 +3.6106706713525516E+00 
 133 +3.9900000000000000E+02 +1.9688709039295077E+01 +4.3097028048544521E+00 
 134 +4.0200000000000000E+02 +1.9636818386518328E+01 +5.0181524688362487E+00 
 135 +4.0500000000000000E+02 +1.9584523168185878E+01 +5.7292372654727002E+00 
 136 +4.0800000000000000E+02 +1.9532165800193557E+01 +6.4382585144430671E+00 
 137 +4.1100000000000000E+02 +1.9479927433433481E+01 +7.1427636960039909E+00 
 138 +4.1400000000000000E+02 +1.9427901228992464E+01 +7.8415200343012472E+00 
 139 +4.1700000000000000E+02 +1.9376173231382808E+01 +8.5334105374168701E+00 
 140 +4.2000000000000000E+02 +1.9324843445735048E+01 +9.2171515013687664E+00 
 141 +4.2300000000000000E+02 +1.9274000134687466E+01 +9.8916362178448178E+00 
 142 +4.2600000000000000E+02 +1.9223698248278261E+01 +1.0556215841885940E+01 
 143 +4.2900000000000000E+02 +1.9173965676682133E+01 +1.1210608053012102E+01 
 144 +4.3200000000000000E+02 +1.9124822844299747E+01 +1.1854633383529462E+01 
 145 +4.3500000000000000E+02 +1.9076293704961831E+01 +1.2488069850259908E+01 
 146 +4.3800000000000000E+02 +1.9028403245034301E+01 +1.3110686102999779E+01 
 147 +4.4100000000000000E+02 +1.8981171283369324E+01 +1.3722321664066168E+01 
 148 +4.4400000000000000E+02 +1.8934611033254843E+01 +1.4322903994888692E+01 
 149 +4.4700000000000000E+02 +1.8888731977817962E+01 +1.4912409856051188E+01 
 150 +4.5000000000000000E+02 +1.8843542578117880E+01 +1.5490829698898331E+01 
 151 +4.5300000000000000E+02 +1.8799050725863360E+01 +1.6058161578478298E+01 
 152 +4.5600000000000000E+02 +1.8755263086296928E+01 +1.6614419282666834E+01 
 153 +4.5900000000000000E+02 +1.8712184894497614E+01 +1.7159634557702368E+01 
 154 +4.6200000000000000E+02 +1.8669820387280399E+01 +1.7693851288495413E+01 
 155 +4.6500000000000000E+02 +1.8628173282249616E+01 +1.8217119218012012E+01 
 156 +4.6800000000000000E+02 +1.8587247012542811E+01 +1.8729490858159970E+01 
 157 +4.7100000000000000E+02 +1.8547044850653815E+01 +1.9231019849910162E+01 
 158 +4.7400000000000000E+02 +1.8507570099799498E+01 +1.9721758520376756E+01 
 159 +4.7700000000000000E+02 +1.8468826383469100E+01 +2.0201754275842852E+01 
 160 +4.8000000000000000E+02 +1.8430818001097997E+01 +2.0671045250879949E+01 
 161 +4.8300000000000000E+02 +1.8393550340455118E+01 +2.1129655344894495E+01 
 162 +4.8600000000000000E+02 +1.8357030318969333E+01 +2.1577588994029206E+01 
 163 +4.8900000000000000E+02 +1.8321266802092403E+01 +2.2014826316027779E+01 
 164 +4.9200000000000000E+02 +1.8286271039045488E+01 +2.2441318116465897E+01 
 165 +4.9500000000000000E+02 +1.8252057276137062E+01 +2.2856978823337393E+01 
 166 +4.9800000000000000E+02 +1.8218643464449620E+01 +2.3261678374735592E+01 
 167 +5.0100000000000000E+02 +1.8186051302808103E+01 +2.3655242258123614E+01 
 168 +5.0400000000000000E+02 +1.8154305062566486E+01 +2.4037466101183981E+01 
 169 +5.0700000000000000E+02 +1.8123431849450284E+01 +2.4408112796126328E+01 
 170 +5.1000000000000000E+02 +1.8093470636414811E+01 +2.4766804650126321E+01 
 171 +5.1300000000000000E+02 +1.8064494882403757E+01 +2.5112755499899865E+01 
 172 +5.1600000000000000E+02 +1.8036636522574863E+01 +2.5444490173665052E+01 
 173 +5.1900000000000000E+02 +1.8010082331090924E+01 +2.5759895841160002E+01 
 174 +5.2200000000000000E+02 +1.7985032788410876E+01 +2.6056713963674902E+01 
 175 +5.2500000000000000E+02 +1.7961674689252568E+01 +2.6332863609224436E+01 
 176 +5.2800000000000000E+02 +1.7940245368356546E+01 +2.6585677703755735E+01 
 177 +5.3100000000000000E+02 +1.7921168924500289E+01 +2.6810305434961769E+01 
 178 +5.3400000000000000E+02 +1.7905083847336083E+01 +2.6999394592686894E+01 
 179 +5.3700000000000000E+02 +1.7892592030303799E+01 +2.7146047056593165E+01 
 180 +5.4000000000000000E+02 +1.7883838173494762E+01 +2.7248709963303728E+01 
 181 +5.4300000000000000E+02 +1.7878297375267486E+01 +2.7313652163811089E+01 
 182 +5.4600000000000000E+02 +1.7875007529883714E+01 +2.7352186269504056E+01 
 183 +5.4900000000000000E+02 +1.7873059553888595E+01 +2.7375012759616919E+01 
 184 +5.5200000000000000E+02 +1.7871890294807631E+01 +2.7388685145046285E+01 
 185 +5.5500000000000000E+02 +1.7871235402821824E+01 +2.7396384385723721E+01 
 186 +5.5800000000000000E+02 +1.7870943734110856E+01 +2.7399708677063398E+01 
 187 +5.6100000000000000E+02 +1.7840084426922008E+01 +2.6944898527050270E+01 
 188 +5.6400000000000000E+02 +9.6499787431612543E+00 +2.7021121439745233E+01 
 189 +5.6700000000000000E+02 +9.5957935409146806E+00 +2.7394644086004689E+01 
 190 +5.7000000000000000E+02 +9.5962519920873692E+00 +2.7391122363234512E+01 
 191 +5.7300000000000000E+02 +9.5965591842608315E+00 +2.7387990987054710E+01 
 192 +5.7600000000000000E+02 +9.5965521403529497E+00 +2.7386301785973004E+01 
 193 +5.7900000000000000E+02 +9.5964501659010644E+00 +2.7384209058591516E+01 
 194 +5.8200000000000000E+02 +9.5962958156393015E+00 +2.7380641277743440E+01 
 195 +5.8500000000000000E+02 +9.5960489400587257E+00 +2.7374678942249631E+01 
 196 +5.8800000000000000E+02 +9.5955816822324120E+00 +2.7365796370048454E+01 
 197 +5.9100000000000000E+02 +9.5947683191892548E+00 +2.7353453286321539E+01 
 198 +5.9400000000000000E+02 +9.5935519604613564E+00 +2.7336831823101392E+01 
 199 +5.9700000000000000E+02 +9.5919287633159929E+00 +2.7315207784882229E+01 
 200 +6.0000000000000000E+02 +9.5899105462480012E+00 +2.7288419278442269E+01 
 201 +6.0300000000000000E+02 +9.5875101450326170E+00 +2.7256914795350674E+01 
 202 +6.0600000000000000E+02 +9.5847553401193739E+00 +2.7221352814706680E+01 
 203 +6.0900000000000000E+02 +9.5816942049925657E+00 +2.7182250508519701E+01 
 204 +6.1200000000000000E+02 +9.5783775358007688E+00 +2.7139962873776806E+01 
 205 +6.1500000000000000E+02 +9.5748371441160423E+00 +2.7094833505947406E+01 
 206 +6.1800000000000000E+02 +9.5710841107601556E+00 +2.7047233475307888E+01 
 207 +6.2100000000000000E+02 +9.5671245787067338E+00 +2.6997454336180876E+01 
 208 +6.2400000000000000E+02 +9.5629715335009760E+00 +2.6945625035245175E+01 
 209 +6.2700000000000000E+02 +9.5586410746641874E+00 +2.6891753346984277E+01 
 210 +6.3000000000000000E+02 +9.5541425717446167E+00 +2.6835821263131386E+01 
 211 +6.3300000000000000E+02 +9.5494765950263965E+00 +2.6777825298583114E+01 
 212 +6.3600000000000000E+02 +9.5446410740212215E+00 +2.6717751915274086E+01 
 213 +6.3900000000000000E+02 +9.5396359856095323E+00 +2.6655553488014579E+01 
 214 +6.4200000000000000E+02 +9.5344614383260513E+00 +2.6591164048729066E+01 
 215 +6.4500000000000000E+02 +9.5291134751428554E+00 +2.6524530965122256E+01 
 216 +6.4800000000000000E+02 +9.5235832685963189E+00 +2.6455621626302030E+01 
 217 +6.5100000000000000E+02 +9.5178599194819888E+00 +2.6384398374740002E+01 
 218 +6.5400000000000000E+02 +9.5119338253229291E+00 +2.6310792123733542E+01 
 219 +6.5700000000000000E+02 +9.5057987074039154E+00 +2.6234701357587799E+01 
 220 +6.6000000000000000E+02 +9.4994512257948855E+00 +2.6156006510233208E+01 
 221 +6.6300000000000000E+02 +9.4928871585770622E+00 +2.6074576056677834E+01 
 222 +6.6600000000000000E+02 +9.4860963274207286E+00 +2.5990273653527431E+01 
 223 +6.6900000000000000E+02 +9.4790616666557472E+00 +2.5902984625392293E+01 
 224 +6.7200000000000000E+02 +9.4717639899962851E+00 +2.5812626966406718E+01 
 225 +6.7500000000000000E+02 +9.4641875025948092E+00 +2.5719105261236653E+01 
 226 +6.7800000000000000E+02 +9.4563225672688134E+00 +2.5622271247128872E+01 
 227 +6.8100000000000000E+02 +9.4481649650748931E+00 +2.5521962118378603E+01 
 228 +6.8400000000000000E+02 +9.4397073672570766E+00 +2.5418009070916359E+01 
 229 +6.8700000000000000E+02 +9.4309265683681254E+00 +2.5310128017256783E+01 
 230 +6.9000000000000000E+02 +9.4217950850861651E+00 +2.5198002104272703E+01 
 231 +6.9300000000000000E+02 +9.4123283394653949E+00 +2.5081793447138079E+01 
 232 +6.9600000000000000E+02 +9.4026005835516528E+00 +2.4962367899695902E+01 
 233 +6.9900000000000000E+02 +9.3926537004079815E+00 +2.4840270700283178E+01 
 234 +7.0200000000000000E+02 +9.3823968015748651E+00 +2.4714525332846044E+01 
 235 +7.0500000000000000E+02 +9.3717288324591141E+00 +2.4584036962318759E+01 
 236 +7.0800000000000000E+02 +9.3608911215903401E+00 +2.4451767296238710E+01 
 237 +7.1100000000000000E+02 +9.3506307808241829E+00 +2.4326697430197513E+01 
 238 +7.1400000000000000E+02 +9.3418079188515541E+00 +2.4219148189508147E+01 
 239 +7.1700000000000000E+02 +9.3347519220285040E+00 +2.4133083123709486E+01 
 240 +7.2000000000000000E+02 +9.3291832648276305E+00 +2.4065179243836251E+01 
 241 +7.2300000000000000E+02 +9.3249989797048958E+00 +2.4014257339234234E+01 
 242 +7.2600000000000000E+02 +9.3231745117107856E+00 +2.3992128723218634E+01 
 243 +7.2900000000000000E+02 +9.3230548321701718E+00 +2.3990757778687982E+01 
 244 +7.3200000000000000E+02 +9.3230838912003939E+00 +2.3991229720841325E+01 
 245 +7.3500000000000000E+02 +9.3230793845677660E+00 +2.3991372940673376E+01 
 246 +7.3800000000000000E+02 +9.3230359425059124E+00 +2.3991135360449356E+01 
 247 +7.4100000000000000E+02 +9.3229867968336197E+00 +2.3990823997304414E+01 
 248 +7.4400000000000000E+02 +9.3229584157121295E+00 +2.3990604250608428E+01 
 249 +7.4700000000000000E+02 +9.3229561651088044E+00 +2.3990471663674374E+01 
 250 +7.5000000000000000E+02 +9.3229686307283934E+00 +2.3990382192495495E+01 
 251 +7.5300000000000000E+02 +9.3229809023322154E+00 +2.3990325337212553E+01 
 252 +7.5600000000000000E+02 +9.3229861898404476E+00 +2.3990301911281417E+01 
 253 +7.5900000000000000E+02 +9.3229877770758431E+00 +2.3990288643216008E+01 
 254 +7.6200000000000000E+02 +9.3229918089215165E+00 +2.3990253134194813E+01 
 255 +7.6500000000000000E+02 +9.3229995456091395E+00 +2.3990192757194428E+01 
 256 +7.6800000000000000E+02 +9.3230071373742618E+00 +2.3990136797005729E+01 
 257 +7.7100000000000000E+02 +9.3230117607801866E+00 +2.3990106018371964E+01 
 258 +7.7400000000000000E+02 +9.3230154885461012E+00 +2.3990084959611117E+01 
 259 +7.7700000000000000E+02 +9.3230215600265716E+00 +2.3990047191553369E+01 
 260 +7.8000000000000000E+02 +9.3230278497990060E+00 +2.3990003028952657E+01 
 261 +7.8300000000000000E+02 +9.3230266233127388E+00 +2.3990004966562758E+01 
 262 +7.8600000000000000E+02 +9.3230123761379708E+00 +2.3990094609928889E+01 
 263 +7.8900000000000000E+02 +9.3229892825224461E+00 +2.3990248484746083E+01 
 264 +7.9200000000000000E+02 +9.3229691697069565E+00 +2.3990388018259221E+01 
 265 +7.9500000000000000E+02 +9.3229612966988977E+00 +2.3990448120916074E+01 
 266 +7.9800000000000000E+02 +9.3229646846364425E+00 +2.3990431209071531E+01 
 267 +8.0100000000000000E+02 +9.3229710936101640E+00 +2.3990389577446095E+01 
 268 +8.0400000000000000E+02 +9.3229747342470564E+00 +2.3990361139132570E+01 
 269 +8.0700000000000000E+02 +9.3229774050160081E+00 +2.3990334931517150E+01 
 270 +8.1000000000000000E+02 +9.3229837366486148E+00 +2.3990282563282836E+01 
 271 +8.1300000000000000E+02 +9.3229932669237385E+00 +2.3990210331783757E+01 
 272 +8.1600000000000000E+02 +9.3229993399158264E+00 +2.3990165081534080E+01 
 273 +8.1900000000000000E+02 +9.3229956825454128E+00 +2.3990189099155526E+01 
 274 +8.2200000000000000E+02 +9.3229822831541238E+00 +2.3990281205100644E+01 
 275 +8.2500000000000000E+02 +9.3229646165437146E+00 +2.3990403418880753E+01 
 276 +8.2800000000000000E+02 +9.3229487525990535E+00 +2.3990514564287821E+01 
 277 +8.3100000000000000E+02 +9.3229318796013807E+00 +2.3990634312472810E+01 
 278 +8.3400000000000000E+02 +9.3228673477746646E+00 +2.3991085838281098E+01 
 279 +8.3700000000000000E+02 +9.3224331862845666E+00 +2.3994115991485888E+01 
 280 +8.4000000000000000E+02 +9.3202085716930156E+00 +2.4009647023054494E+01 
 281 +8.4300000000000000E+02 +9.3152702320282543E+00 +2.4044098258524368E+01 
 282 +8.4600000000000000E+02 +9.3050279387899124E+00 +2.4115512982309166E+01 
 283 +8.4900000000000000E+02 +9.2805952394875728E+00 +2.4285124989087812E+01 
 284 +8.5200000000000000E+02 +9.2306991096737416E+00 +2.4628766962097984E+01 
 285 +8.5500000000000000E+02 +9.1535825598585507E+00 +2.5152395790174005E+01 
 286 +8.5800000000000000E+02 +9.0568828207602525E+00 +2.5795398763054532E+01 
 287 +8.6100000000000000E+02 +8.9531221252296813E+00 +2.6470779505091091E+01 
 288 +8.6400000000000000E+02 +8.8570785288134317E+00 +2.7077788704164327E+01 
 289 +8.6700000000000000E+02 +8.7866698153485938E+00 +2.7515327912103157E+01 
 290 +8.7000000000000000E+02 +8.7541007546187952E+00 +2.7716536113607813E+01 
 291 +8.7300000000000000E+02 +8.7447225578093306E+00 +2.7773436563268177E+01 
 292 +8.7600000000000000E+02 +8.7426351256299348E+00 +2.7784855155321203E+01 
 293 +8.7900000000000000E+02 +8.7429236105822046E+00 +2.7783122497833030E+01 
 294 +8.8200000000000000E+02 +8.7440233395036202E+00 +2.7777491619866574E+01 
 295 +8.8500000000000000E+02 +8.7443922483732219E+00 +2.7775334303504177E+01 
 296 +8.8800000000000000E+02 +8.7417719898397444E+00 +2.7790283670437336E+01 
 297 +8.9100000000000000E+02 +8.7392825696793732E+00 +2.7805147689432573E+01 
 298 +8.9400000000000000E+02 +8.7392390872120753E+00 +2.7806287835801811E+01 
 299 +8.9700000000000000E+02 +8.7402084887545275E+00 +2.7800828839912715E+01 
 300 +9.0000000000000000E+02 +8.7411036699209319E+00 +2.7794611020877610E+01 
 301 +9.0300000000000000E+02 +8.7411792368703551E+00 +2.7793478230630338E+01 
 302 +9.0600000000000000E+02 +8.7409073746955102E+00 +2.7795585015645536E+01 
 303 +9.0900000000000000E+02 +8.7406495839048670E+00 +2.7797792378029378E+01 
 304 +9.1200000000000000E+02 +8.7407221606098453E+00 +2.7797002455421758E+01 
 305 +9.1500000000000000E+02 +8.7410067804350344E+00 +2.7794503059324509E+01 
 306 +9.1800000000000000E+02 +8.7412382358748477E+00 +2.7793120595744504E+01 
 307 +9.2100000000000000E+02 +8.7413028877176391E+00 +2.7793411568358088E+01 
 308 +9.2400000000000000E+02 +8.7412759234198312E+00 +2.7793589999317600E+01 
 309 +9.2700000000000000E+02 +8.7412866135786960E+00 +2.7792914282703514E+01 
 310 +9.3000000000000000E+02 +8.7414030814639734E+00 +2.7792018418932773E+01 
 311 +9.3300000000000000E+02 +8.7415636924785947E+00 +2.7791518180934954E+01 
 312 +9.3600000000000000E+02 +8.7798369337125060E+00 +2.8268360500246509E+01 
 313 +9.3900000000000000E+02 +1.7019089624851187E+01 +2.8436246321058732E+01 
 314 +9.4200000000000000E+02 +1.7076148781521685E+01 +2.7790543064965753E+01 
 315 +9.4500000000000000E+02 +1.7076189989595989E+01 +2.7789955064459626E+01 
 316 +9.4800000000000000E+02 +1.7076252123745874E+01 +2.7790105488657190E+01 
 317 +9.5100000000000000E+02 +1.7076307475962299E+01 +2.7790175787476350E+01 
 318 +9.5400000000000000E+02 +1.7076294182057303E+01 +2.7789785512198712E+01 
 319 +9.5700000000000000E+02 +1.7076241144933228E+01 +2.7789062992302892E+01 
 320 +9.6000000000000000E+02 +1.7076212378829858E+01 +2.7788845467081366E+01 
 321 +9.6300000000000000E+02 +1.7076257629102077E+01 +2.7789380410085311E+01 
 322 +9.6600000000000000E+02 +1.7076336451643368E+01 +2.7789991309480307E+01 
 323 +9.6900000000000000E+02 +1.7076370244037371E+01 +2.7789772624184089E+01 
 324 +9.7200000000000000E+02 +1.7076332310061627E+01 +2.7788652685440194E+01 
 325 +9.7500000000000000E+02 +1.7076285775946467E+01 +2.7787641704873415E+01 
 326 +9.7800000000000000E+02 +1.7076298462048587E+01 +2.7787827164821472E+01 
 327 +9.8100000000000000E+02 +1.7076360060733467E+01 +2.7789037717956536E+01 
 328 +9.8400000000000000E+02 +1.7076401894529003E+01 +2.7789834582264096E+01 
 329 +9.8700000000000000E+02 +1.7076367060217184E+01 +2.7789011513883054E+01 
 330 +9.9000000000000000E+02 +1.7076271507049057E+01 +2.7787084194152488E+01 
 331 +9.9300000000000000E+02 +1.7076201852355947E+01 +2.7785675652404827E+01 
 332 +9.9600000000000000E+02 +1.7076227029929726E+01 +2.7785685322458939E+01 
 333 +9.9900000000000000E+02 +1.7076298532500115E+01 +2.7786535968332217E+01 
 334 +1.0020000000000000E+03 +1.7076324612695768E+01 +2.7787315350412268E+01 
 335 +1.0050000000000000E+03 +1.7076295698437971E+01 +2.7787431871993611E+01 
 336 +1.0080000000000000E+03 +1.7076277110485002E+01 +2.7786975414994298E+01 
 337 +1.0110000000000000E+03 +1.7076279092521926E+01 +2.7786507473936755E+01 
 338 +1.0140000000000000E+03 +1.7076257569502449E+01 +2.7786137961016443E+01 
 339 +1.0170000000000000E+03 +1.7076231647964669E+01 +2.7785537756791982E+01 
 340 +1.0200000000000000E+03 +1.7076257059620822E+01 +2.7785301071239399E+01 
 341 +1.0230000000000000E+03 +1.7076362782850815E+01 +2.7787200265815038E+01 
 342 +1.0260000000000000E+03 +1.7076524450805959E+01 +2.7790708468603679E+01 
 343 +1.0290000000000000E+03 +1.7076641725239668E+01 +2.7792293082522235E+01 
 344 +1.0320000000000000E+03 +1.7076529307976219E+01 +2.7789773857313083E+01 
 345 +1.0350000000000000E+03 +1.7076243803614812E+01 +2.7786129773329076E+01 
 346 +1.0380000000000000E+03 +1.7076188201376088E+01 +2.7785702311348846E+01 
 347 +1.0410000000000000E+03 +1.7076347078748189E+01 +2.7786459156525346E+01 
 348 +1.0440000000000000E+03 +1.7076385991119366E+01 +2.7786938086574441E+01 
 349 +1.0470000000000000E+03 +1.7076054038119690E+01 +2.7784964302891499E+01 
 350 +1.0500000000000000E+03 +1.7075409409320670E+01 +2.7775030383782401E+01 
 351 +1.0530000000000000E+03 +1.7074965714963422E+01 +2.7766011513134131E+01 
 352 +1.0560000000000000E+03 +1.7075052260849766E+01 +2.7770075184171915E+01 
 353 +1.0590000000000000E+03 +1.7076227413620398E+01 +2.7788935803891938E+01 
 354 +1.0620000000000000E+03 +1.7077670670879606E+01 +2.7802902670884659E+01 
 355 +1.0650000000000000E+03 +1.7077406374478194E+01 +2.7802776860077270E+01 
 356 +1.0680000000000000E+03 +1.7075975872600271E+01 +2.7789138628114131E+01 
 357 +1.0710000000000000E+03 +1.7075430408712741E+01 +2.7770892889845889E+01 
 358 +1.0740000000000000E+03 +1.7075711760998292E+01 +2.7774309066106728E+01 
 359 +1.0770000000000000E+03 +1.7076640982499843E+01 +2.7807190967905225E+01 
 360 +1.0800000000000000E+03 +1.7079160141519328E+01 +2.7824808877101638E+01 
 361 +1.0830000000000000E+03 +1.7080397792355292E+01 +2.7823799554157127E+01 
 362 +1.0860000000000000E+03 +1.7075704445318863E+01 +2.7812598887919734E+01 
 363 +1.0890000000000000E+03 +1.7064644151664098E+01 +2.7628638348418761E+01 
 364 +1.0920000000000000E+03 +1.7021393610305118E+01 +2.6890792902157706E+01 
 365 +1.0950000000000000E+03 +1.6815736608643643E+01 +2.4181647834620442E+01 
 366 +1.0980000000000000E+03 +1.6102459162789565E+01 +1.4126409385783871E+01 
 367 +1.1010000000000000E+03 +1.5314136222902006E+01 +3.9055519991809060E+00 
 368 +1.1040000000000000E+03 +1.5062468488691243E+01 +7.6033532217990230E-01 
 369 +1.1070000000000000E+03 +1.5015009163092172E+01 +1.8211432267890915E-01 
 370 +1.1100000000000000E+03 +1.5003084495414328E+01 +3.7522047339311679E-02 
 371 +1.1130000000000000E+03 +1.5000433196242387E+01 +5.2536197782122448E-03 
 372 +1.1160000000000000E+03 +1.5000061492109696E+01 +7.4741409148499662E-04 
 373 +1.1190000000000000E+03 +1.5000041746631709E+01 +5.0670770659482704E-04 
 374 +1.1220000000000000E+03 +1.5000025579988517E+01 +3.1023628607600683E-04 
 375 +1.1250000000000000E+03 +1.5000004943719958E+01 +6.0006790767551538E-05 
 376 +1.1280000000000000E+03 +1.4999996497576962E+01 -4.2499240926948314E-05 
 377 +1.1310000000000000E+03 +1.4999997980765981E+01 -2.4494265094037677E-05 
 378 +1.1340000000000000E+03 +1.5000000565435951E+01 +6.8588791135779404E-06 
 379 +1.1370000000000000E+03 +1.5000000919030963E+01 +1.1149774870015487E-05 
 380 +1.1400000000000000E+03 +1.5000000219628449E+01 +2.6643807814252799E-06 
 381 +1.1430000000000000E+03 +1.4999999820331357E+01 -2.1796644621948266E-06 
 382 +1.1460000000000000E+03 +1.4999999861987860E+01 -1.6743446104151694E-06 
 383 +1.1490000000000000E+03 +1.4999999994885366E+01 -6.2045366020255617E-08 
 384 +1.1520000000000000E+03 +1.5000000037541593E+01 +4.5544482089907330E-07 
 385 +1.1550000000000000E+03 +1.5000000017301305E+01 +2.0989608755270537E-07 
 386 +1.1580000000000000E+03 +1.4999999996786769E+01 -3.8982409478194303E-08 
 387 +1.1610000000000000E+03 +1.4999999993836992E+01 -7.4768200243448104E-08 
 388 +1.1640000000000000E+03 +1.4999999998285574E+01 -2.0799073910085200E-08 
 389 +1.1670000000000000E+03 +1.5000000000972252E+01 +1.1795140785074586E-08 
 390 +1.1700000000000000E+03 +1.5000000000882748E+01 +1.0709300113376230E-08 
 391 +1.1730000000000000E+03 +1.5000000000106978E+01 +1.2977958855723643E-09 
 392 +1.1760000000000000E+03 +1.4999999999802643E+01 -2.3943003826490086E-09 
 393 +1.1790000000000000E+03 +1.4999999999886834E+01 -1.3728658308941197E-09 
 394 +1.1820000000000000E+03 +1.5000000000006562E+01 +7.9696999617024353E-11 
 395 +1.1850000000000000E+03 +1.5000000000034166E+01 +4.1450978945552681E-10 
 396 +1.1880000000000000E+03 +1.5000000000012633E+01 +1.5324227812622361E-10 
 397 +1.1910000000000000E+03 +1.4999999999995795E+01 -5.1037811014490856E-11 
 398 +1.1940000000000000E+03 +1.4999999999994687E+01 -6.4446541930212531E-11 
 399 +1.1970000000000000E+03 +1.4999999999998945E+01 -1.2804927488711355E-11 
 400 +1.2000000000000000E+03 +1.5000000000001053E+01 +1.2778400559909642E-11 
 401 +1.2030000000000000E+03 +1.5000000000000743E+01 +9.0204189796673346E-12 
 402 +1.2060000000000000E+03 +1.5000000000000016E+01 +1.4905607612389665E-13 
 403 +1.2090000000000000E+03 +1.4999999999999790E+01 -2.6274291384551256E-12 
 404 +1.2120000000000000E+03 +1.4999999999999897E+01 -1.3238200659139286E-12 
 405 +1.2150000000000000E+03 +1.5000000000000005E+01 +5.3053857603420764E-14 
 406 +1.2180000000000000E+03 +1.5000000000000030E+01 +3.5874513236598830E-13 
 407 +1.2210000000000000E+03 +1.5000000000000011E+01 +1.3895057943753066E-13 
 408 +1.2240000000000000E+03 +1.5000000000000000E+01 +1.2631870857957363E-15 
 409 +1.2270000000000000E+03 +1.5000000000000000E+01 +8.8423096005701326E-15 
 410 +1.2300000000000000E+03 +1.5000000000000000E+01 +7.5791225147743956E-15 
 411 +1.2330000000000000E+03 +1.5000000000000000E+01 +8.8423096005701326E-15 
 412 +1.2360000000000000E+03 +1.5000000000000000E+01 +7.5791225147743971E-15 
 413 +1.2390000000000000E+03 +1.5000000000000000E+01 +8.8423096005701263E-15 
 414 +1.2420000000000000E+03 +1.5000000000000000E+01 +1.0105496686365870E-14 
 415 +1.2450000000000000E+03 +1.5000000000000000E+01 +7.5791225147743971E-15 
 416 +1.2480000000000000E+03 +1.5000000000000000E+01 +1.0105496686365868E-14 
 417 +1.2510000000000000E+03 +1.5000000000000000E+01 +8.8423096005701342E-15 
 418 +1.2540000000000000E+03 +1.5000000000000000E+01 +8.8423096005701326E-15 
 419 +1.2570000000000000E+03 +1.5000000000000000E+01 +7.5791225147743987E-15 
 420 +1.2600000000000000E+03 +1.5000000000000000E+01 +7.5791225147743940E-15 
 421 +1.2630000000000000E+03 +1.5000000000000000E+01 +1.0105496686365870E-14 
 422 +1.2660000000000000E+03 +1.5000000000000000E+01 +7.5791225147743987E-15 
 423 +1.2690000000000000E+03 +1.5000000000000000E+01 +1.0105496686365865E-14 
 424 +1.2720000000000000E+03 +1.5000000000000000E+01 +7.5791225147744019E-15 
 425 +1.2750000000000000E+03 +1.5000000000000000E+01 +8.8423096005701326E-15 
 426 +1.2780000000000000E+03 +1.5000000000000000E+01 +7.5791225147744003E-15 
 427 +1.2810000000000000E+03 +1.5000000000000000E+01 +8.8423096005701311E-15 
 428 +1.2840000000000000E+03 +1.5000000000000000E+01 +1.0105496686365868E-14 
 429 +1.2870000000000000E+03 +1.5000000000000000E+01 +7.5791225147743987E-15 
 430 +1.2900000000000000E+03 +1.5000000000000000E+01 +8.8423096005701311E-15 
 431 +1.2930000000000000E+03 +1.5000000000000000E+01 +1.0105496686365868E-14 
 432 +1.2960000000000000E+03 +1.5000000000000000E+01 +7.5791225147743987E-15 
 433 +1.2990000000000000E+03 +1.5000000000000000E+01 +8.8423096005701295E-15 
 434 +1.3020000000000000E+03 +1.5000000000000000E+01 +1.0105496686365871E-14 
 435 +1.3050000000000000E+03 +1.5000000000000000E+01 +7.5791225147743987E-15 
 436 +1.3080000000000000E+03 +1.5000000000000000E+01 +8.8423096005701295E-15 
 437 +1.3110000000000000E+03 +1.5000000000000000E+01 +1.0105496686365870E-14 
 438 +1.3140000000000000E+03 +1.5000000000000000E+01 +7.5791225147743987E-15 
 439 +1.3170000000000000E+03 +1.5000000000000000E+01 +8.8423096005701295E-15 
 440 +1.3200000000000000E+03 +1.5000000000000000E+01 +1.0105496686365870E-14 
 441 +1.3230000000000000E+03 +1.5000000000000000E+01 +1.0105496686365867E-14 
 442 +1.3260000000000000E+03 +1.5000000000000000E+01 +1.0105496686365867E-14 
 443 +1.3290000000000000E+03 +1.5000000000000000E+01 +1.0105496686365868E-14 
 444 +1.3320000000000000E+03 +1.5000000000000000E+01 +7.5791225147744003E-15 
 445 +1.3350000000000000E+03 +1.5000000000000000E+01 +7.5791225147744003E-15 
 446 +1.3380000000000000E+03 +1.5000000000000000E+01 +7.5791225147744003E-15 
 447 +1.3410000000000000E+03 +1.5000000000000000E+01 +7.5791225147744003E-15 
 448 +1.3440000000000000E+03 +1.5000000000000000E+01 +7.5791225147744003E-15 
 449 +1.3470000000000000E+03 +1.5000000000000000E+01 +7.5791225147744003E-15 
 450 +1.3500000000000000E+03 +1.5000000000000000E+01 +7.5791225147744003E-15 
 451 +1.3530000000000000E+03 +1.5000000000000000E+01 +7.5791225147744003E-15 
 452 +1.3560000000000000E+03 +1.5000000000000000E+01 +7.5791225147744003E-15 
 453 +1.3590000000000000E+03 +1.5000000000000000E+01 +7.5791225147744003E-15 
 454 +1.3620000000000000E+03 +1.5000000000000000E+01 +7.5791225147744003E-15 
 455 +1.3650000000000000E+03 +1.5000000000000000E+01 +7.5791225147744003E-15 
 456 +1.3680000000000000E+03 +1.5000000000000000E+01 +7.5791225147744003E-15 
 457 +1.3710000000000000E+03 +1.5000000000000000E+01 +7.5791225147744003E-15 
 458 +1.3740000000000000E+03 +1.5000000000000000E+01 +7.5791225147744003E-15 
 459 +1.3770000000000000E+03 +1.5000000000000000E+01 +7.5791225147744003E-15 
 460 +1.3800000000000000E+03 +1.5000000000000000E+01 +7.5791225147744003E-15 
 461 +1.3830000000000000E+03 +1.5000000000000000E+01 +7.5791225147744003E-15 
 462 +1.3860000000000000E+03 +1.5000000000000000E+01 +7.5791225147744003E-15 
 463 +1.3890000000000000E+03 +1.5000000000000000E+01 +7.5791225147744003E-15 
 464 +1.3920000000000000E+03 +1.5000000000000000E+01 +7.5791225147744003E-15 
 465 +1.3950000000000000E+03 +1.5000000000000000E+01 +7.5791225147744003E-15 
 466 +1.3980000000000000E+03 +1.5000000000000000E+01 +7.5791225147744003E-15 
 467 +1.4010000000000000E+03 +1.5000000000000000E+01 +7.5791225147744003E-15 
 468 +1.4040000000000000E+03 +1.5000000000000000E+01 +7.5791225147744003E-15 
 469 +1.4070000000000000E+03 +1.5000000000000000E+01 +7.5791225147744003E-15 
 470 +1.4100000000000000E+03 +1.5000000000000000E+01 +7.5791225147744003E-15 
 471 +1.4130000000000000E+03 +1.5000000000000000E+01 +7.5791225147744003E-15 
 472 +1.4160000000000000E+03 +1.5000000000000000E+01 +7.5791225147744003E-15 
 473 +1.4190000000000000E+03 +1.5000000000000000E+01 +7.5791225147744003E-15 
 474 +1.4220000000000000E+03 +1.5000000000000000E+01 +7.5791225147744003E-15 
 475 +1.4250000000000000E+03 +1.5000000000000000E+01 +7.5791225147744003E-15 
 476 +1.4280000000000000E+03 +1.5000000000000000E+01 +7.5791225147744003E-15 
 477 +1.4310000000000000E+03 +1.5000000000000000E+01 +7.5791225147744003E-15 
 478 +1.4340000000000000E+03 +1.5000000000000000E+01 +7.5791225147744003E-15 
 479 +1.4370000000000000E+03 +1.5000000000000000E+01 +7.5791225147744003E-15 
 480 +1.4400000000000000E+03 +1.5000000000000000E+01 +7.5791225147744003E-15 
 481 +1.4430000000000000E+03 +1.5000000000000000E+01 +7.5791225147744003E-15 
 482 +1.4460000000000000E+03 +1.5000000000000000E+01 +7.5791225147744003E-15 
 483 +1.4490000000000000E+03 +1.5000000000000000E+01 +7.5791225147744003E-15 
 484 +1.4520000000000000E+03 +1.5000000000000000E+01 +7.5791225147744003E-15 
 485 +1.4550000000000000E+03 +1.5000000000000000E+01 +7.5791225147744003E-15 
 486 +1.4580000000000000E+03 +1.5000000000000000E+01 +7.5791225147744003E-15 
 487 +1.4610000000000000E+03 +1.5000000000000000E+01 +7.5791225147744003E-15 
 488 +1.4640000000000000E+03 +1.5000000000000000E+01 +7.5791225147744003E-15 
 489 +1.4670000000000000E+03 +1.5000000000000000E+01 +7.5791225147744003E-15 
 490 +1.4700000000000000E+03 +1.5000000000000000E+01 +7.5791225147744003E-15 
 491 +1.4730000000000000E+03 +1.5000000000000000E+01 +7.5791225147744003E-15 
 492 +1.4760000000000000E+03 +1.5000000000000000E+01 +7.5791225147744003E-15 
 493 +1.4790000000000000E+03 +1.5000000000000000E+01 +7.5791225147744003E-15 
 494 +1.4820000000000000E+03 +1.5000000000000000E+01 +7.5791225147744003E-15 
 495 +1.4850000000000000E+03 +1.5000000000000000E+01 +7.5791225147744003E-15 
 496 +1.4880000000000000E+03 +1.5000000000000000E+01 +7.5791225147744003E-15 
 497 +1.4910000000000000E+03 +1.5000000000000000E+01 +7.5791225147744003E-15 
 498 +1.4940000000000000E+03 +1.5000000000000000E+01 +7.5791225147744003E-15 
 499 +1.4970000000000000E+03 +1.5000000000000000E+01 +0.0000000000000000E+00 
