   0 +0.0000000000000000E+00 +1.9568150577560143E+01 +5.9328625017894785E+00 
   1 +3.0000000000000000E+00 +1.9524779481830819E+01 +6.5215295211377695E+00 
   2 +6.0000000000000000E+00 +1.9494840103603508E+01 +6.9269964751405508E+00 
   3 +9.0000000000000000E+00 +1.9458937131815681E+01 +7.4118834576463959E+00 
   4 +1.2000000000000000E+01 +1.9426919493798760E+01 +7.8431720723588061E+00 
   5 +1.5000000000000000E+01 +1.9392823325996737E+01 +8.3012082182340983E+00 
   6 +1.8000000000000000E+01 +1.9360119377695742E+01 +8.7393620978486855E+00 
   7 +2.1000000000000000E+01 +1.9326783441587775E+01 +9.1847460816439099E+00 
   8 +2.4000000000000000E+01 +1.9294014472239805E+01 +9.6213178576197418E+00 
   9 +2.7000000000000000E+01 +1.9261130410759133E+01 +1.0058139456573247E+01 
  10 +3.0000000000000000E+01 +1.9228548096541896E+01 +1.0489641351440071E+01 
  11 +3.3000000000000000E+01 +1.9196039318012879E+01 +1.0918826850281460E+01 
  12 +3.6000000000000000E+01 +1.9163747849642714E+01 +1.1343788582609353E+01 
  13 +3.9000000000000000E+01 +1.9131597289275916E+01 +1.1765551941910884E+01 
  14 +4.2000000000000000E+01 +1.9099638852399494E+01 +1.2183491670944534E+01 
  15 +4.5000000000000000E+01 +1.9067851181571470E+01 +1.2597961134866035E+01 
  16 +4.8000000000000000E+01 +1.9036256987614038E+01 +1.3008744351701644E+01 
  17 +5.1000000000000000E+01 +1.9004854514289129E+01 +1.3415933704890287E+01 
  18 +5.4000000000000000E+01 +1.8973655405848888E+01 +1.3819425697657040E+01 
  19 +5.7000000000000000E+01 +1.8942661874079576E+01 +1.4219221064058509E+01 
  20 +6.0000000000000000E+01 +1.8911879586405135E+01 +1.4615266628586332E+01 
  21 +6.3000000000000000E+01 +1.8881310833203628E+01 +1.5007551477002739E+01 
  22 +6.6000000000000000E+01 +1.8850959082795377E+01 +1.5396051059442581E+01 
  23 +6.9000000000000000E+01 +1.8820827024895660E+01 +1.5780752088086821E+01 
  24 +7.2000000000000000E+01 +1.8790917947710003E+01 +1.6161633882056890E+01 
  25 +7.5000000000000000E+01 +1.8761235045604504E+01 +1.6538676899575140E+01 
  26 +7.8000000000000000E+01 +1.8731781655613382E+01 +1.6911859887726809E+01 
  27 +8.1000000000000000E+01 +1.8702560971219850E+01 +1.7281163733714529E+01 
  28 +8.4000000000000000E+01 +1.8673576081454176E+01 +1.7646570985951172E+01 
  29 +8.7000000000000000E+01 +1.8644829957763481E+01 +1.8008065935463708E+01 
  30 +9.0000000000000000E+01 +1.8616325549743237E+01 +1.8365633344602589E+01 
  31 +9.3000000000000000E+01 +1.8588065857156167E+01 +1.8719257538856567E+01 
  32 +9.6000000000000000E+01 +1.8560053989232781E+01 +1.9068921686633391E+01 
  33 +9.9000000000000000E+01 +1.8532293186942006E+01 +1.9414607538688756E+01 
  34 +1.0200000000000000E+02 +1.8504786831130488E+01 +1.9756295334696755E+01 
  35 +1.0500000000000000E+02 +1.8477538450346007E+01 +2.0093963713883667E+01 
  36 +1.0800000000000000E+02 +1.8450551744831230E+01 +2.0427589430610642E+01 
  37 +1.1100000000000000E+02 +1.8423830635125359E+01 +2.0757146772170888E+01 
  38 +1.1400000000000000E+02 +1.8397379346826046E+01 +2.1082606539134154E+01 
  39 +1.1700000000000000E+02 +1.8371202541033252E+01 +2.1403934478201936E+01 
  40 +1.2000000000000000E+02 +1.8345305487031013E+01 +2.1721089218981845E+01 
  41 +1.2300000000000000E+02 +1.8319694239807216E+01 +2.2034020178957931E+01 
  42 +1.2600000000000000E+02 +1.8294375744903977E+01 +2.2342666380093714E+01 
  43 +1.2900000000000000E+02 +1.8269357780629278E+01 +2.2646957254624482E+01 
  44 +1.3200000000000000E+02 +1.8244648706879961E+01 +2.2946815780802215E+01 
  45 +1.3500000000000000E+02 +1.8220257138239781E+01 +2.3242162489164105E+01 
  46 +1.3800000000000000E+02 +1.8196191852042183E+01 +2.3532916577234815E+01 
  47 +1.4100000000000000E+02 +1.8172462360199070E+01 +2.3818989014227920E+01 
  48 +1.4400000000000000E+02 +1.8149080466456457E+01 +2.4100263891135139E+01 
  49 +1.4700000000000000E+02 +1.8126062720641162E+01 +2.4376569247521029E+01 
  50 +1.5000000000000000E+02 +1.8103433083766184E+01 +2.4647645728966246E+01 
  51 +1.5300000000000000E+02 +1.8081224688931481E+01 +2.4913126402918710E+01 
  52 +1.5600000000000000E+02 +1.8059479805087932E+01 +2.5172538190306220E+01 
  53 +1.5900000000000000E+02 +1.8038248294416757E+01 +2.5425321128785431E+01 
  54 +1.6200000000000000E+02 +1.8017586769198758E+01 +2.5670839024785874E+01 
  55 +1.6500000000000000E+02 +1.7997562324920935E+01 +2.5908335671461014E+01 
  56 +1.6800000000000000E+02 +1.7978264644291741E+01 +2.6136792433822226E+01 
  57 +1.7100000000000000E+02 +1.7959827118408995E+01 +2.6354680687507720E+01 
  58 +1.7400000000000000E+02 +1.7942451339048620E+01 +2.6559676587471206E+01 
  59 +1.7700000000000000E+02 +1.7926421894295352E+01 +2.6748491692266917E+01 
  60 +1.8000000000000000E+02 +1.7912094021969629E+01 +2.6917022179387263E+01 
  61 +1.8300000000000000E+02 +1.7899840437079980E+01 +2.7060973267222565E+01 
  62 +1.8600000000000000E+02 +1.7889958723696598E+01 +2.7176939003147034E+01 
  63 +1.8900000000000000E+02 +1.7882564267861405E+01 +2.7263644903981870E+01 
  64 +1.9200000000000000E+02 +1.7877514091820320E+01 +2.7322827338177174E+01 
  65 +1.9500000000000000E+02 +1.7874407039449871E+01 +2.7359224413301945E+01 
  66 +1.9800000000000000E+02 +1.7872678202233594E+01 +2.7379471926270213E+01 
  67 +2.0100000000000000E+02 +1.7871768907189640E+01 +2.7390119916237477E+01 
  68 +2.0400000000000000E+02 +1.7871288615486698E+01 +2.7395743839512726E+01 
  69 +2.0700000000000000E+02 +1.7871042468866936E+01 +2.7398625969378717E+01 
  70 +2.1000000000000000E+02 +1.7870963469390095E+01 +2.7399550960497905E+01 
  71 +2.1300000000000000E+02 +1.7871033153828126E+01 +2.7398735037784917E+01 
  72 +2.1600000000000000E+02 +1.7871221084749276E+01 +2.7396534560094882E+01 
  73 +2.1900000000000000E+02 +1.7871468024925413E+01 +2.7393643085115460E+01 
  74 +2.2200000000000000E+02 +1.7871705245574180E+01 +2.7390865354929677E+01 
  75 +2.2500000000000000E+02 +1.7871884070347399E+01 +2.7388771369004768E+01 
  76 +2.2800000000000000E+02 +1.7871991340161447E+01 +2.7387515253674348E+01 
  77 +2.3100000000000000E+02 +1.7872042541983742E+01 +2.7386915682472569E+01 
  78 +2.3400000000000000E+02 +1.7872063831416892E+01 +2.7386666383156751E+01 
  79 +2.3700000000000000E+02 +1.7872078056007659E+01 +2.7386499812850229E+01 
  80 +2.4000000000000000E+02 +1.7872099795735664E+01 +2.7386245239719567E+01 
  81 +2.4300000000000000E+02 +1.7872135726213472E+01 +2.7385824491217846E+01 
  82 +2.4600000000000000E+02 +1.7872186237878427E+01 +2.7385232993570156E+01 
  83 +2.4900000000000000E+02 +1.7872246735692713E+01 +2.7384524553220430E+01 
  84 +2.5200000000000000E+02 +1.7872309528996592E+01 +2.7383789228010002E+01 
  85 +2.5500000000000000E+02 +1.7872366859883812E+01 +2.7383117865267863E+01 
  86 +2.5800000000000000E+02 +1.7872413938164254E+01 +2.7382566561067669E+01 
  87 +2.6100000000000000E+02 +1.7872450311023741E+01 +2.7382140619645956E+01 
  88 +2.6400000000000000E+02 +1.7872479009757399E+01 +2.7381804544396299E+01 
  89 +2.6700000000000000E+02 +1.7872504359514515E+01 +2.7381507686400870E+01 
  90 +2.7000000000000000E+02 +1.7872529843707891E+01 +2.7381209253346274E+01 
  91 +2.7300000000000000E+02 +1.7872556938020868E+01 +2.7380891964147754E+01 
  92 +2.7600000000000000E+02 +1.7872585087286122E+01 +2.7380562319997299E+01 
  93 +2.7900000000000000E+02 +1.7872612515756288E+01 +2.7380241115901228E+01 
  94 +2.8200000000000000E+02 +1.7872637369620421E+01 +2.7379950061256672E+01 
  95 +2.8500000000000000E+02 +1.7872658664765282E+01 +2.7379700680912318E+01 
  96 +2.8800000000000000E+02 +1.7872676643753383E+01 +2.7379490134561305E+01 
  97 +2.9100000000000000E+02 +1.7872692449932927E+01 +2.7379305033003060E+01 
  98 +2.9400000000000000E+02 +1.7872707376861893E+01 +2.7379130227861712E+01 
  99 +2.9700000000000000E+02 +1.7872722135558671E+01 +2.7378957392627040E+01 
 100 +3.0000000000000000E+02 +1.7872736501254700E+01 +2.7378789159503597E+01 
 101 +3.0300000000000000E+02 +1.7872749448751957E+01 +2.7378637534352627E+01 
 102 +3.0600000000000000E+02 +1.7872759638537289E+01 +2.7378518203968746E+01 
 103 +3.0900000000000000E+02 +1.7872765991524588E+01 +2.7378443805389061E+01 
 104 +3.1200000000000000E+02 +1.7872768103395444E+01 +2.7378419073582933E+01 
 105 +3.1500000000000000E+02 +1.7872766356452455E+01 +2.7378439531516982E+01 
 106 +3.1800000000000000E+02 +1.7872761730352611E+01 +2.7378493706618247E+01 
 107 +3.2100000000000000E+02 +1.7872755435597117E+01 +2.7378567422932612E+01 
 108 +3.2400000000000000E+02 +1.7872748547435659E+01 +2.7378648088426566E+01 
 109 +3.2700000000000000E+02 +1.7872741785885911E+01 +2.7378727271139905E+01 
 110 +3.3000000000000000E+02 +1.7872735495651508E+01 +2.7378800934351755E+01 
 111 +3.3300000000000000E+02 +1.7872729780573781E+01 +2.7378867862029434E+01 
 112 +3.3600000000000000E+02 +1.7872724688201629E+01 +2.7378927497360344E+01 
 113 +3.3900000000000000E+02 +1.7872720339865058E+01 +2.7378978419487311E+01 
 114 +3.4200000000000000E+02 +1.7872716948538276E+01 +2.7379018134320333E+01 
 115 +3.4500000000000000E+02 +1.7872714731322759E+01 +2.7379044099432345E+01 
 116 +3.4800000000000000E+02 +1.7872713774578791E+01 +2.7379055303473972E+01 
 117 +3.5100000000000000E+02 +1.7872713927724970E+01 +2.7379053509861862E+01 
 118 +3.5400000000000000E+02 +1.7872714783842209E+01 +2.7379043483918036E+01 
 119 +3.5700000000000000E+02 +1.7872715764163758E+01 +2.7379032003428676E+01 
 120 +3.6000000000000000E+02 +1.7872716279262217E+01 +2.7379025971023658E+01 
 121 +3.6300000000000000E+02 +1.7872715909871033E+01 +2.7379030296623466E+01 
 122 +3.6600000000000000E+02 +1.7872714543811426E+01 +2.7379046293925711E+01 
 123 +3.6900000000000000E+02 +1.7872712421675441E+01 +2.7379071145427712E+01 
 124 +3.7200000000000000E+02 +1.7872710074758476E+01 +2.7379098629285537E+01 
 125 +3.7500000000000000E+02 +1.7872708173013883E+01 +2.7379120899874742E+01 
 126 +3.7800000000000000E+02 +1.7872707327828870E+01 +2.7379130797419123E+01 
 127 +3.8100000000000000E+02 +1.7872707906848333E+01 +2.7379124016526553E+01 
 128 +3.8400000000000000E+02 +1.7872709913378568E+01 +2.7379100518455736E+01 
 129 +3.8700000000000000E+02 +1.7872712963467102E+01 +2.7379064799539268E+01 
 130 +3.9000000000000000E+02 +1.7872716365748921E+01 +2.7379024956143699E+01 
 131 +3.9300000000000000E+02 +1.7872719280647239E+01 +2.7378990820324820E+01 
 132 +3.9600000000000000E+02 +1.7872720914379009E+01 +2.7378971687878469E+01 
 133 +3.9900000000000000E+02 +1.7872720695191653E+01 +2.7378974254463365E+01 
 134 +4.0200000000000000E+02 +1.7872718386550172E+01 +2.7379001290080595E+01 
 135 +4.0500000000000000E+02 +1.7872714112468657E+01 +2.7379051342419597E+01 
 136 +4.0800000000000000E+02 +1.7872708297512279E+01 +2.7379119439490431E+01 
 137 +4.1100000000000000E+02 +1.7872701549172429E+01 +2.7379198467114556E+01 
 138 +4.1400000000000000E+02 +1.7872694524564146E+01 +2.7379280730004801E+01 
 139 +4.1700000000000000E+02 +1.7872687821714024E+01 +2.7379359224859051E+01 
 140 +4.2000000000000000E+02 +1.7872681919387894E+01 +2.7379428345008744E+01 
 141 +4.2300000000000000E+02 +1.7872677165906232E+01 +2.7379484011385301E+01 
 142 +4.2600000000000000E+02 +1.7872673797210183E+01 +2.7379523460952065E+01 
 143 +4.2900000000000000E+02 +1.7872671956319376E+01 +2.7379545018843015E+01 
 144 +4.3200000000000000E+02 +1.7872671693197645E+01 +2.7379548099941992E+01 
 145 +4.3500000000000000E+02 +1.7872672941739062E+01 +2.7379533478393480E+01 
 146 +4.3800000000000000E+02 +1.7872675489896945E+01 +2.7379503637410394E+01 
 147 +4.4100000000000000E+02 +1.7872678969999026E+01 +2.7379462882686976E+01 
 148 +4.4400000000000000E+02 +1.7872682892989914E+01 +2.7379416941396443E+01 
 149 +4.4700000000000000E+02 +1.7872686733316989E+01 +2.7379371968126218E+01 
 150 +4.5000000000000000E+02 +1.7872690047520230E+01 +2.7379333156113130E+01 
 151 +4.5300000000000000E+02 +1.7872692589912365E+01 +2.7379303382549139E+01 
 152 +4.5600000000000000E+02 +1.7872694382590097E+01 +2.7379282388689418E+01 
 153 +4.5900000000000000E+02 +1.7872695708561839E+01 +2.7379266860324833E+01 
 154 +4.6200000000000000E+02 +1.7872697022584248E+01 +2.7379251471929273E+01 
 155 +4.6500000000000000E+02 +1.7872698804422598E+01 +2.7379230605100812E+01 
 156 +4.6800000000000000E+02 +1.7872701401300407E+01 +2.7379200193561839E+01 
 157 +4.7100000000000000E+02 +1.7872704910962714E+01 +2.7379159092638595E+01 
 158 +4.7400000000000000E+02 +1.7872709141985069E+01 +2.7379109543987958E+01 
 159 +4.7700000000000000E+02 +1.7872713659995807E+01 +2.7379056634475425E+01 
 160 +4.8000000000000000E+02 +1.7872717898779161E+01 +2.7379006994795326E+01 
 161 +4.8300000000000000E+02 +1.7872721295603235E+01 +2.7378967215162508E+01 
 162 +4.8600000000000000E+02 +1.7872723407062598E+01 +2.7378942487865185E+01 
 163 +4.8900000000000000E+02 +1.7872723975352823E+01 +2.7378935832573951E+01 
 164 +4.9200000000000000E+02 +1.7872722937404852E+01 +2.7378947986898755E+01 
 165 +4.9500000000000000E+02 +1.7872720392178422E+01 +2.7378977793655547E+01 
 166 +4.9800000000000000E+02 +1.7872716552785509E+01 +2.7379022754234441E+01 
 167 +5.0100000000000000E+02 +1.7872711710235553E+01 +2.7379079465707235E+01 
 168 +5.0400000000000000E+02 +1.7872706218474693E+01 +2.7379143774478457E+01 
 169 +5.0700000000000000E+02 +1.7872700497514256E+01 +2.7379210776674281E+01 
 170 +5.1000000000000000E+02 +1.7872695028625117E+01 +2.7379274810824739E+01 
 171 +5.1300000000000000E+02 +1.7872690330649441E+01 +2.7379329844565703E+01 
 172 +5.1600000000000000E+02 +1.7872686890059818E+01 +2.7379370105946403E+01 
 173 +5.1900000000000000E+02 +1.7872685084572602E+01 +2.7379391300544818E+01 
 174 +5.2200000000000000E+02 +1.7872685074238454E+01 +2.7379391332641575E+01 
 175 +5.2500000000000000E+02 +1.7872686782863280E+01 +2.7379371474974320E+01 
 176 +5.2800000000000000E+02 +1.7872689840578179E+01 +2.7379335405337599E+01 
 177 +5.3100000000000000E+02 +1.7872693759761418E+01 +2.7379289957114722E+01 
 178 +5.3400000000000000E+02 +1.7872697871859135E+01 +2.7379241030151821E+01 
 179 +5.3700000000000000E+02 +1.7872701775389334E+01 +2.7379196640986279E+01 
 180 +5.4000000000000000E+02 +1.7872704908521857E+01 +2.7379157673779059E+01 
 181 +5.4300000000000000E+02 +1.7872707529181209E+01 +2.7379130892848806E+01 
 182 +5.4600000000000000E+02 +1.7872709114343415E+01 +2.7379105609241325E+01 
 183 +5.4900000000000000E+02 +1.7872711024476136E+01 +2.7379094750196305E+01 
 184 +5.5200000000000000E+02 +1.7872711745255227E+01 +2.7379066166862508E+01 
 185 +5.5500000000000000E+02 +1.7872714912009830E+01 +2.7379059857326911E+01 
 186 +5.5800000000000000E+02 +1.7872714625822848E+01 +2.7378972569574969E+01 
 187 +5.6100000000000000E+02 +1.7841937948944079E+01 +2.6924828488067128E+01 
 188 +5.6400000000000000E+02 +9.6520248814888578E+00 +2.7002843727751802E+01 
 189 +5.6700000000000000E+02 +9.5974933197258938E+00 +2.7378739742579068E+01 
 190 +5.7000000000000000E+02 +9.5974691370611254E+00 +2.7378927739304764E+01 
 191 +5.7300000000000000E+02 +9.5974817419880392E+00 +2.7378829675574153E+01 
 192 +5.7600000000000000E+02 +9.5974710502825875E+00 +2.7378902592730331E+01 
 193 +5.7900000000000000E+02 +9.5974645797551936E+00 +2.7378950341024680E+01 
 194 +5.8200000000000000E+02 +9.5974466279248176E+00 +2.7379077250725022E+01 
 195 +5.8500000000000000E+02 +9.5974313538178961E+00 +2.7379186218825978E+01 
 196 +5.8800000000000000E+02 +9.5974182270711719E+00 +2.7379281393914592E+01 
 197 +5.9100000000000000E+02 +9.5974139425555265E+00 +2.7379317290082657E+01 
 198 +5.9400000000000000E+02 +9.5974165145284527E+00 +2.7379307566387279E+01 
 199 +5.9700000000000000E+02 +9.5974242274357362E+00 +2.7379263632482388E+01 
 200 +6.0000000000000000E+02 +9.5974332038368821E+00 +2.7379211328628831E+01 
 201 +6.0300000000000000E+02 +9.5974419184746136E+00 +2.7379160105190607E+01 
 202 +6.0600000000000000E+02 +9.5974491121717769E+00 +2.7379117493075054E+01 
 203 +6.0900000000000000E+02 +9.5974527423740863E+00 +2.7379096501460324E+01 
 204 +6.1200000000000000E+02 +9.5974480264178190E+00 +2.7379129210582803E+01 
 205 +6.1500000000000000E+02 +9.5974286625417449E+00 +2.7379258527242236E+01 
 206 +6.1800000000000000E+02 +9.5973894053228843E+00 +2.7379520570686928E+01 
 207 +6.2100000000000000E+02 +9.5973276769669820E+00 +2.7379933575836255E+01 
 208 +6.2400000000000000E+02 +9.5972369224445195E+00 +2.7380543300987689E+01 
 209 +6.2700000000000000E+02 +9.5970792630561839E+00 +2.7381610183911356E+01 
 210 +6.3000000000000000E+02 +9.5967088830835454E+00 +2.7384133792989527E+01 
 211 +6.3300000000000000E+02 +9.5955783300732875E+00 +2.7391864320951296E+01 
 212 +6.3600000000000000E+02 +9.5919004133425236E+00 +2.7417032447564974E+01 
 213 +6.3900000000000000E+02 +9.5830214153697106E+00 +2.7477724230615120E+01 
 214 +6.4200000000000000E+02 +9.5677244035424618E+00 +2.7582012814701088E+01 
 215 +6.4500000000000000E+02 +9.5460089684904919E+00 +2.7729453672804837E+01 
 216 +6.4800000000000000E+02 +9.5185883959538664E+00 +2.7914609552919337E+01 
 217 +6.5100000000000000E+02 +9.4865345906491552E+00 +2.8129602230625441E+01 
 218 +6.5400000000000000E+02 +9.4510269965018541E+00 +2.8365932735790238E+01 
 219 +6.5700000000000000E+02 +9.4131610647902590E+00 +2.8615838197441764E+01 
 220 +6.6000000000000000E+02 +9.3738165316048239E+00 +2.8873176641740002E+01 
 221 +6.6300000000000000E+02 +9.3336120650062515E+00 +2.9133685219000462E+01 
 222 +6.6600000000000000E+02 +9.2929471829339860E+00 +2.9394647136183842E+01 
 223 +6.6900000000000000E+02 +9.2520990973444626E+00 +2.9654217128168913E+01 
 224 +6.7200000000000000E+02 +9.2113419211675325E+00 +2.9910638984104505E+01 
 225 +6.7500000000000000E+02 +9.1710842744971401E+00 +3.0161392086617713E+01 
 226 +6.7800000000000000E+02 +9.1320457702263500E+00 +3.0402148578515543E+01 
 227 +6.8100000000000000E+02 +9.0954722124859515E+00 +3.0625551880953502E+01 
 228 +6.8400000000000000E+02 +9.0632867962522390E+00 +3.0820427128526706E+01 
 229 +6.8700000000000000E+02 +9.0379007601180756E+00 +3.0972997433406174E+01 
 230 +6.9000000000000000E+02 +9.0213119925697089E+00 +3.1072161140573456E+01 
 231 +6.9300000000000000E+02 +9.0133971542602556E+00 +3.1119325670230463E+01 
 232 +6.9600000000000000E+02 +9.0105331906989736E+00 +3.1136371605459878E+01 
 233 +6.9900000000000000E+02 +9.0095390004257077E+00 +3.1142290043993011E+01 
 234 +7.0200000000000000E+02 +9.0091595794902091E+00 +3.1144551369284208E+01 
 235 +7.0500000000000000E+02 +9.0088584927638333E+00 +3.1146345031619710E+01 
 236 +7.0800000000000000E+02 +9.0080773323237935E+00 +3.1150989100387406E+01 
 237 +7.1100000000000000E+02 +9.0068240510146538E+00 +3.1158434255014207E+01 
 238 +7.1400000000000000E+02 +9.0058495965550254E+00 +3.1164217890640995E+01 
 239 +7.1700000000000000E+02 +9.0056268182176797E+00 +3.1165532909284650E+01 
 240 +7.2000000000000000E+02 +9.0059718446098067E+00 +3.1163472600411474E+01 
 241 +7.2300000000000000E+02 +9.0065246805987815E+00 +3.1160175392360390E+01 
 242 +7.2600000000000000E+02 +9.0068997639514023E+00 +3.1157932403420968E+01 
 243 +7.2900000000000000E+02 +9.0069445752832795E+00 +3.1157651019217042E+01 
 244 +7.3200000000000000E+02 +9.0068277932965621E+00 +3.1158330212518795E+01 
 245 +7.3500000000000000E+02 +9.0067390966129306E+00 +3.1158844149347040E+01 
 246 +7.3800000000000000E+02 +9.0068252720236295E+00 +3.1158321796358813E+01 
 247 +7.4100000000000000E+02 +9.0070369967558612E+00 +3.1157056970120390E+01 
 248 +7.4400000000000000E+02 +9.0072209809171664E+00 +3.1155960835545127E+01 
 249 +7.4700000000000000E+02 +9.0072937582825379E+00 +3.1155529271332178E+01 
 250 +7.5000000000000000E+02 +9.0073034191246304E+00 +3.1155475903282611E+01 
 251 +7.5300000000000000E+02 +9.0073383017148370E+00 +3.1155274710861256E+01 
 252 +7.5600000000000000E+02 +9.0074238511556004E+00 +3.1154773113604264E+01 
 253 +7.5900000000000000E+02 +9.0075157955011083E+00 +3.1154232794478105E+01 
 254 +7.6200000000000000E+02 +9.0075700358952950E+00 +3.1153914678854367E+01 
 255 +7.6500000000000000E+02 +9.0075901710231427E+00 +3.1153796720509796E+01 
 256 +7.6800000000000000E+02 +9.0076082175878494E+00 +3.1153688566824176E+01 
 257 +7.7100000000000000E+02 +9.0076413631559884E+00 +3.1153488545256536E+01 
 258 +7.7400000000000000E+02 +9.0076801090527496E+00 +3.1153253989176392E+01 
 259 +7.7700000000000000E+02 +9.0077094399256197E+00 +3.1153075204660812E+01 
 260 +7.8000000000000000E+02 +9.0077274569440977E+00 +3.1152964466445866E+01 
 261 +7.8300000000000000E+02 +9.0077420130615735E+00 +3.1152875767940884E+01 
 262 +7.8600000000000000E+02 +9.0077580150394638E+00 +3.1152780127655834E+01 
 263 +7.8900000000000000E+02 +9.0077734338537621E+00 +3.1152689270532594E+01 
 264 +7.9200000000000000E+02 +9.0077847520708296E+00 +3.1152623356935532E+01 
 265 +7.9500000000000000E+02 +9.0077915804391377E+00 +3.1152583747256404E+01 
 266 +7.9800000000000000E+02 +9.0077956393846570E+00 +3.1152559294657539E+01 
 267 +8.0100000000000000E+02 +9.0077978940606265E+00 +3.1152543579482057E+01 
 268 +8.0400000000000000E+02 +9.0077979714398513E+00 +3.1152538489181602E+01 
 269 +8.0700000000000000E+02 +9.0077953960861006E+00 +3.1152546868765299E+01 
 270 +8.1000000000000000E+02 +9.0077903289929271E+00 +3.1152568019078839E+01 
 271 +8.1300000000000000E+02 +9.0077832488959118E+00 +3.1152599431774593E+01 
 272 +8.1600000000000000E+02 +9.0077745205874677E+00 +3.1152639227203945E+01 
 273 +8.1900000000000000E+02 +9.0077643773878524E+00 +3.1152686233136258E+01 
 274 +8.2200000000000000E+02 +9.0077530190736486E+00 +3.1152739508412992E+01 
 275 +8.2500000000000000E+02 +9.0077405590720794E+00 +3.1152798859269481E+01 
 276 +8.2800000000000000E+02 +9.0077269790746310E+00 +3.1152865314826208E+01 
 277 +8.3100000000000000E+02 +9.0077122929902931E+00 +3.1152940243404146E+01 
 278 +8.3400000000000000E+02 +9.0076968290545718E+00 +3.1153023562114054E+01 
 279 +8.3700000000000000E+02 +9.0076812796245811E+00 +3.1153113108981518E+01 
 280 +8.4000000000000000E+02 +9.0076660971254441E+00 +3.1153207761175057E+01 
 281 +8.4300000000000000E+02 +9.0076502294737537E+00 +3.1153314493375426E+01 
 282 +8.4600000000000000E+02 +9.0076304608031936E+00 +3.1153452030748749E+01 
 283 +8.4900000000000000E+02 +9.0076036269174349E+00 +3.1153637749709127E+01 
 284 +8.5200000000000000E+02 +9.0075711701950976E+00 +3.1153861078160460E+01 
 285 +8.5500000000000000E+02 +9.0075364312429791E+00 +3.1154100235222401E+01 
 286 +8.5800000000000000E+02 +9.0074726002469863E+00 +3.1154513373991339E+01 
 287 +8.6100000000000000E+02 +9.0072111844783702E+00 +3.1156102452074744E+01 
 288 +8.6400000000000000E+02 +9.0053844883394571E+00 +3.1166992719081257E+01 
 289 +8.6700000000000000E+02 +9.0008135126842586E+00 +3.1194166813254530E+01 
 290 +8.7000000000000000E+02 +8.9946931112775772E+00 +3.1230492220513483E+01 
 291 +8.7300000000000000E+02 +8.9879319070830093E+00 +3.1270553635729215E+01 
 292 +8.7600000000000000E+02 +8.9811293650668365E+00 +3.1310792074862697E+01 
 293 +8.7900000000000000E+02 +8.9746879336025440E+00 +3.1348832986746864E+01 
 294 +8.8200000000000000E+02 +8.9688178708469550E+00 +3.1383448139214622E+01 
 295 +8.8500000000000000E+02 +8.9635074212003225E+00 +3.1414720998247155E+01 
 296 +8.8800000000000000E+02 +8.9586052551726603E+00 +3.1443554189419739E+01 
 297 +8.9100000000000000E+02 +8.9539887486704401E+00 +3.1470679881893133E+01 
 298 +8.9400000000000000E+02 +8.9496488076771659E+00 +3.1496163896606628E+01 
 299 +8.9700000000000000E+02 +8.9456260926738764E+00 +3.1519780915601679E+01 
 300 +9.0000000000000000E+02 +8.9419200882932390E+00 +3.1541541582180191E+01 
 301 +9.0300000000000000E+02 +8.9384895776759326E+00 +3.1561689970536317E+01 
 302 +9.0600000000000000E+02 +8.9353081285348654E+00 +3.1580373206148344E+01 
 303 +9.0900000000000000E+02 +8.9323873262898488E+00 +3.1597520829079773E+01 
 304 +9.1200000000000000E+02 +8.9297660183553376E+00 +3.1612892753582642E+01 
 305 +9.1500000000000000E+02 +8.9275162052547028E+00 +3.1626080132084805E+01 
 306 +9.1800000000000000E+02 +8.9257407878174320E+00 +3.1636466139865689E+01 
 307 +9.2100000000000000E+02 +8.9245270295921735E+00 +3.1643591183477145E+01 
 308 +9.2400000000000000E+02 +8.9238580689758553E+00 +3.1647511098424634E+01 
 309 +9.2700000000000000E+02 +8.9235998378989621E+00 +3.1649152227248518E+01 
 310 +9.3000000000000000E+02 +8.9235530436226362E+00 +3.1649521045729799E+01 
 311 +9.3300000000000000E+02 +8.9236089023758662E+00 +3.1649705825923203E+01 
 312 +9.3600000000000000E+02 +8.9694584783240998E+00 +3.2243712094689201E+01 
 313 +9.3900000000000000E+02 +1.7266418189663082E+01 +3.2455855293155160E+01 
 314 +9.4200000000000000E+02 +1.7338482280404317E+01 +3.1650981315590656E+01 
 315 +9.4500000000000000E+02 +1.7338524552292110E+01 +3.1650933852291811E+01 
 316 +9.4800000000000000E+02 +1.7338526679279720E+01 +3.1651061977221769E+01 
 317 +9.5100000000000000E+02 +1.7338536003055626E+01 +3.1650827600046739E+01 
 318 +9.5400000000000000E+02 +1.7338520133460655E+01 +3.1650512424330607E+01 
 319 +9.5700000000000000E+02 +1.7338485027205330E+01 +3.1649931930884659E+01 
 320 +9.6000000000000000E+02 +1.7338414992583406E+01 +3.1649083420559080E+01 
 321 +9.6300000000000000E+02 +1.7338307194042457E+01 +3.1647694409992216E+01 
 322 +9.6600000000000000E+02 +1.7338144622500586E+01 +3.1645425389532868E+01 
 323 +9.6900000000000000E+02 +1.7337901470452014E+01 +3.1641743251583691E+01 
 324 +9.7200000000000000E+02 +1.7337534202965323E+01 +3.1636046423761304E+01 
 325 +9.7500000000000000E+02 +1.7336990118564685E+01 +3.1627684300590065E+01 
 326 +9.7800000000000000E+02 +1.7336215094968718E+01 +3.1616038423456995E+01 
 327 +9.8100000000000000E+02 +1.7335166370341543E+01 +3.1600556518953127E+01 
 328 +9.8400000000000000E+02 +1.7333819887375785E+01 +3.1580815516433269E+01 
 329 +9.8700000000000000E+02 +1.7332172200840695E+01 +3.1556577908593269E+01 
 330 +9.9000000000000000E+02 +1.7330235187306474E+01 +3.1527843557638288E+01 
 331 +9.9300000000000000E+02 +1.7328028182875883E+01 +3.1494853602338839E+01 
 332 +9.9600000000000000E+02 +1.7325571445335992E+01 +3.1458033944519798E+01 
 333 +9.9900000000000000E+02 +1.7322884062621554E+01 +3.1417883915704898E+01 
 334 +1.0020000000000000E+03 +1.7319985430544769E+01 +3.1374853724248521E+01 
 335 +1.0050000000000000E+03 +1.7316897213787751E+01 +3.1329260587900848E+01 
 336 +1.0080000000000000E+03 +1.7313642498072802E+01 +3.1281276198970229E+01 
 337 +1.0110000000000000E+03 +1.7310241495636017E+01 +3.1230978090065413E+01 
 338 +1.0140000000000000E+03 +1.7306706262598066E+01 +3.1178424820980275E+01 
 339 +1.0170000000000000E+03 +1.7303038304905751E+01 +3.1123706549058014E+01 
 340 +1.0200000000000000E+03 +1.7299231286315340E+01 +3.1066943198714519E+01 
 341 +1.0230000000000000E+03 +1.7295277453797155E+01 +3.1008236483758601E+01 
 342 +1.0260000000000000E+03 +1.7291173541716248E+01 +3.0947610279439456E+01 
 343 +1.0290000000000000E+03 +1.7286922198715853E+01 +3.0884981825576993E+01 
 344 +1.0320000000000000E+03 +1.7282528339093552E+01 +3.0820190215818801E+01 
 345 +1.0350000000000000E+03 +1.7277993658997396E+01 +3.0753074823066701E+01 
 346 +1.0380000000000000E+03 +1.7273313689911490E+01 +3.0683559961173000E+01 
 347 +1.0410000000000000E+03 +1.7268479150322449E+01 +3.0611684238527403E+01 
 348 +1.0440000000000000E+03 +1.7263479387223388E+01 +3.0537535027461686E+01 
 349 +1.0470000000000000E+03 +1.7258304422156588E+01 +3.0461115112586111E+01 
 350 +1.0500000000000000E+03 +1.7252945019278510E+01 +3.0382243651727926E+01 
 351 +1.0530000000000000E+03 +1.7247393590307293E+01 +3.0300600813979212E+01 
 352 +1.0560000000000000E+03 +1.7241647200145422E+01 +3.0215913747451069E+01 
 353 +1.0590000000000000E+03 +1.7235708087298946E+01 +3.0128120837384408E+01 
 354 +1.0620000000000000E+03 +1.7229575875823155E+01 +3.0037323165740695E+01 
 355 +1.0650000000000000E+03 +1.7223234897579026E+01 +2.9943529339675717E+01 
 356 +1.0680000000000000E+03 +1.7216650248635879E+01 +2.9846440519533772E+01 
 357 +1.0710000000000000E+03 +1.7209781781459579E+01 +2.9745516112794338E+01 
 358 +1.0740000000000000E+03 +1.7202607752426189E+01 +2.9640291659391238E+01 
 359 +1.0770000000000000E+03 +1.7195138559923151E+01 +2.9530680814796167E+01 
 360 +1.0800000000000000E+03 +1.7187407479038203E+01 +2.9417002259523699E+01 
 361 +1.0830000000000000E+03 +1.7179441455784161E+01 +2.9299668253272696E+01 
 362 +1.0860000000000000E+03 +1.7171227565575585E+01 +2.9178686229780645E+01 
 363 +1.0890000000000000E+03 +1.7162696296201457E+01 +2.9053288495836256E+01 
 364 +1.0920000000000000E+03 +1.7153745987350085E+01 +2.8922130305077665E+01 
 365 +1.0950000000000000E+03 +1.7144324517549009E+01 +2.8784397752685482E+01 
 366 +1.0980000000000000E+03 +1.7134537627450477E+01 +2.8641433133943586E+01 
 367 +1.1010000000000000E+03 +1.7124688324929544E+01 +2.8497449182994874E+01 
 368 +1.1040000000000000E+03 +1.7115169470880122E+01 +2.8358101355262125E+01 
 369 +1.1070000000000000E+03 +1.7106267764783830E+01 +2.8227678867900813E+01 
 370 +1.1100000000000000E+03 +1.7098054928816616E+01 +2.8107448091130628E+01 
 371 +1.1130000000000000E+03 +1.7090511964664600E+01 +2.7997318220517720E+01 
 372 +1.1160000000000000E+03 +1.7083867934891948E+01 +2.7900648869821808E+01 
 373 +1.1190000000000000E+03 +1.7078911487080735E+01 +2.7828758887300534E+01 
 374 +1.1220000000000000E+03 +1.7076911069218919E+01 +2.7799861308105459E+01 
 375 +1.1250000000000000E+03 +1.7076740702948232E+01 +2.7797357605506082E+01 
 376 +1.1280000000000000E+03 +1.7076743123543256E+01 +2.7797109394534726E+01 
 377 +1.1310000000000000E+03 +1.7076713616660456E+01 +2.7796321165204784E+01 
 378 +1.1340000000000000E+03 +1.7076634311519086E+01 +2.7794966058831371E+01 
 379 +1.1370000000000000E+03 +1.7076530787207542E+01 +2.7793542255832698E+01 
 380 +1.1400000000000000E+03 +1.7076433477779094E+01 +2.7792429792034760E+01 
 381 +1.1430000000000000E+03 +1.7076363499528281E+01 +2.7791729751057989E+01 
 382 +1.1460000000000000E+03 +1.7076328656482918E+01 +2.7791345212246007E+01 
 383 +1.1490000000000000E+03 +1.7076324085133816E+01 +2.7791128966371975E+01 
 384 +1.1520000000000000E+03 +1.7076336510353265E+01 +2.7790991638092439E+01 
 385 +1.1550000000000000E+03 +1.7076350896464344E+01 +2.7790924767502148E+01 
 386 +1.1580000000000000E+03 +1.7076356908231332E+01 +2.7790953739457848E+01 
 387 +1.1610000000000000E+03 +1.7076352399447057E+01 +2.7791075386434606E+01 
 388 +1.1640000000000000E+03 +1.7076342505383739E+01 +2.7791232810591726E+01 
 389 +1.1670000000000000E+03 +1.7076335163628972E+01 +2.7791342817901270E+01 
 390 +1.1700000000000000E+03 +1.7076335756168213E+01 +2.7791349526515415E+01 
 391 +1.1730000000000000E+03 +1.7076343953751749E+01 +2.7791261155912565E+01 
 392 +1.1760000000000000E+03 +1.7076354426625908E+01 +2.7791143258778579E+01 
 393 +1.1790000000000000E+03 +1.7076360660732767E+01 +2.7791074618817316E+01 
 394 +1.1820000000000000E+03 +1.7076359224632668E+01 +2.7791097141676477E+01 
 395 +1.1850000000000000E+03 +1.7076351724204567E+01 +2.7791192655943526E+01 
 396 +1.1880000000000000E+03 +1.7076343389858859E+01 +2.7791299342419034E+01 
 397 +1.1910000000000000E+03 +1.7076339514747357E+01 +2.7791354045955440E+01 
 398 +1.1940000000000000E+03 +1.7076342222387495E+01 +2.7791331615713748E+01 
 399 +1.1970000000000000E+03 +1.7076349549634724E+01 +2.7791256995502046E+01 
 400 +1.2000000000000000E+03 +1.7076357117156864E+01 +2.7791185193061061E+01 
 401 +1.2030000000000000E+03 +1.7076360999609896E+01 +2.7791164887794473E+01 
 402 +1.2060000000000000E+03 +1.7076359877179147E+01 +2.7791209912115608E+01 
 403 +1.2090000000000000E+03 +1.7076355324874083E+01 +2.7791294787057961E+01 
 404 +1.2120000000000000E+03 +1.7076350435795682E+01 +2.7791373371171463E+01 
 405 +1.2150000000000000E+03 +1.7076347900203004E+01 +2.7791406266148833E+01 
 406 +1.2180000000000000E+03 +1.7076348708884293E+01 +2.7791380595347427E+01 
 407 +1.2210000000000000E+03 +1.7076352019190068E+01 +2.7791313506928837E+01 
 408 +1.2240000000000000E+03 +1.7076355941024140E+01 +2.7791241129053052E+01 
 409 +1.2270000000000000E+03 +1.7076358578619999E+01 +2.7791200935983525E+01 
 410 +1.2300000000000000E+03 +1.7076358804158712E+01 +2.7791215424034007E+01 
 411 +1.2330000000000000E+03 +1.7076356633322895E+01 +2.7791282094172576E+01 
 412 +1.2360000000000000E+03 +1.7076353238477736E+01 +2.7791373030911711E+01 
 413 +1.2390000000000000E+03 +1.7076350543321823E+01 +2.7791445791494979E+01 
 414 +1.2420000000000000E+03 +1.7076350359662356E+01 +2.7791462903483559E+01 
 415 +1.2450000000000000E+03 +1.7076353299195503E+01 +2.7791411848788378E+01 
 416 +1.2480000000000000E+03 +1.7076358033952278E+01 +2.7791315290688836E+01 
 417 +1.2510000000000000E+03 +1.7076361614821025E+01 +2.7791223741694257E+01 
 418 +1.2540000000000000E+03 +1.7076361120212958E+01 +2.7791190231899527E+01 
 419 +1.2570000000000000E+03 +1.7076355822827335E+01 +2.7791238413849864E+01 
 420 +1.2600000000000000E+03 +1.7076348239543950E+01 +2.7791344081361729E+01 
 421 +1.2630000000000000E+03 +1.7076342976977838E+01 +2.7791444836611749E+01 
 422 +1.2660000000000000E+03 +1.7076343867253819E+01 +2.7791475595052056E+01 
 423 +1.2690000000000000E+03 +1.7076351135914784E+01 +2.7791410809902462E+01 
 424 +1.2720000000000000E+03 +1.7076360565282425E+01 +2.7791286126869036E+01 
 425 +1.2750000000000000E+03 +1.7076365702129586E+01 +2.7791179524378350E+01 
 426 +1.2780000000000000E+03 +1.7076362097477304E+01 +2.7791159335502574E+01 
 427 +1.2810000000000000E+03 +1.7076350673005120E+01 +2.7791235873864348E+01 
 428 +1.2840000000000000E+03 +1.7076337683974014E+01 +2.7791352922334688E+01 
 429 +1.2870000000000000E+03 +1.7076331130366082E+01 +2.7791424593577418E+01 
 430 +1.2900000000000000E+03 +1.7076335586322646E+01 +2.7791393257096935E+01 
 431 +1.2930000000000000E+03 +1.7076348514772462E+01 +2.7791271493113666E+01 
 432 +1.2960000000000000E+03 +1.7076361112732275E+01 +2.7791135934889539E+01 
 433 +1.2990000000000000E+03 +1.7076364038549176E+01 +2.7791072607156472E+01 
 434 +1.3020000000000000E+03 +1.7076354003660406E+01 +2.7791115948546985E+01 
 435 +1.3050000000000000E+03 +1.7076336217079600E+01 +2.7791227069851747E+01 
 436 +1.3080000000000000E+03 +1.7076321259015899E+01 +2.7791318829065300E+01 
 437 +1.3110000000000000E+03 +1.7076318406104431E+01 +2.7791310179743288E+01 
 438 +1.3140000000000000E+03 +1.7076329053036535E+01 +2.7791185218972121E+01 
 439 +1.3170000000000000E+03 +1.7076345094739153E+01 +2.7791014018457314E+01 
 440 +1.3200000000000000E+03 +1.7076354654690519E+01 +2.7790903766367506E+01 
 441 +1.3230000000000000E+03 +1.7076350486077445E+01 +2.7790917908883664E+01 
 442 +1.3260000000000000E+03 +1.7076334057434661E+01 +2.7791033450038139E+01 
 443 +1.3290000000000000E+03 +1.7076314159348129E+01 +2.7791154500821801E+01 
 444 +1.3320000000000000E+03 +1.7076302151421409E+01 +2.7791166274274708E+01 
 445 +1.3350000000000000E+03 +1.7076304578370390E+01 +2.7791018862112978E+01 
 446 +1.3380000000000000E+03 +1.7076317474980456E+01 +2.7790781863586069E+01 
 447 +1.3410000000000000E+03 +1.7076329367789931E+01 +2.7790590594908164E+01 
 448 +1.3440000000000000E+03 +1.7076330297364553E+01 +2.7790532356059799E+01 
 449 +1.3470000000000000E+03 +1.7076317175953026E+01 +2.7790601272820567E+01 
 450 +1.3500000000000000E+03 +1.7076294784154445E+01 +2.7790723165808249E+01 
 451 +1.3530000000000000E+03 +1.7076275440681634E+01 +2.7790783141322187E+01 
 452 +1.3560000000000000E+03 +1.7076271682234367E+01 +2.7790692570889107E+01 
 453 +1.3590000000000000E+03 +1.7076283789231436E+01 +2.7790485400932656E+01 
 454 +1.3620000000000000E+03 +1.7076299545169448E+01 +2.7790289399596293E+01 
 455 +1.3650000000000000E+03 +1.7076307342151054E+01 +2.7790190302327598E+01 
 456 +1.3680000000000000E+03 +1.7076302107987509E+01 +2.7790206091080130E+01 
 457 +1.3710000000000000E+03 +1.7076283425189349E+01 +2.7790333823139484E+01 
 458 +1.3740000000000000E+03 +1.7076260289174385E+01 +2.7790481375633501E+01 
 459 +1.3770000000000000E+03 +1.7076248980722827E+01 +2.7790461376826176E+01 
 460 +1.3800000000000000E+03 +1.7076253166748469E+01 +2.7790214608071530E+01 
 461 +1.3830000000000000E+03 +1.7076259760141639E+01 +2.7789893191892983E+01 
 462 +1.3860000000000000E+03 +1.7076261798905989E+01 +2.7789634339888831E+01 
 463 +1.3890000000000000E+03 +1.7076261883836388E+01 +2.7789500408738466E+01 
 464 +1.3920000000000000E+03 +1.7076253830090113E+01 +2.7789612928884736E+01 
 465 +1.3950000000000000E+03 +1.7076234864351886E+01 +2.7789951125251445E+01 
 466 +1.3980000000000000E+03 +1.7076224306556778E+01 +2.7790158034509538E+01 
 467 +1.4010000000000000E+03 +1.7076231963434743E+01 +2.7790005743678133E+01 
 468 +1.4040000000000000E+03 +1.7076238232093456E+01 +2.7789740666236927E+01 
 469 +1.4070000000000000E+03 +1.7076240209668590E+01 +2.7789578123439416E+01 
 470 +1.4100000000000000E+03 +1.7076259294603769E+01 +2.7789473433707393E+01 
 471 +1.4130000000000000E+03 +1.7076278927615078E+01 +2.7789609792513765E+01 
 472 +1.4160000000000000E+03 +1.7076261847887988E+01 +2.7790109768853938E+01 
 473 +1.4190000000000000E+03 +1.7076228919312108E+01 +2.7790320339396398E+01 
 474 +1.4220000000000000E+03 +1.7076212658791665E+01 +2.7789698810390039E+01 
 475 +1.4250000000000000E+03 +1.7076181845537874E+01 +2.7788887932979122E+01 
 476 +1.4280000000000000E+03 +1.7076134519638096E+01 +2.7788481773134304E+01 
 477 +1.4310000000000000E+03 +1.7076142904628558E+01 +2.7788068303132277E+01 
 478 +1.4340000000000000E+03 +1.7076190002064177E+01 +2.7787773639775391E+01 
 479 +1.4370000000000000E+03 +1.7076166520981591E+01 +2.7788367479974333E+01 
 480 +1.4400000000000000E+03 +1.7076105893909101E+01 +2.7788938357167723E+01 
 481 +1.4430000000000000E+03 +1.7076116881928812E+01 +2.7788115435091242E+01 
 482 +1.4460000000000000E+03 +1.7076120238489633E+01 +2.7787372519260259E+01 
 483 +1.4490000000000000E+03 +1.7076057282081724E+01 +2.7788222047440264E+01 
 484 +1.4520000000000000E+03 +1.7076116163569981E+01 +2.7788483580950704E+01 
 485 +1.4550000000000000E+03 +1.7076272355297295E+01 +2.7787344449855350E+01 
 486 +1.4580000000000000E+03 +1.7076169233092635E+01 +2.7788692461803890E+01 
 487 +1.4610000000000000E+03 +1.7076101819471045E+01 +2.7790816657277023E+01 
 488 +1.4640000000000000E+03 +1.7076503250890347E+01 +2.7790822909074176E+01 
 489 +1.4670000000000000E+03 +1.7076615619159000E+01 +2.7793832104223878E+01 
 490 +1.4700000000000000E+03 +1.7076245166175664E+01 +2.7796590287762523E+01 
 491 +1.4730000000000000E+03 +1.7076171881999905E+01 +2.7784984202471797E+01 
 492 +1.4760000000000000E+03 +1.7076148287019592E+01 +2.7780071216088391E+01 
 493 +1.4790000000000000E+03 +1.7075250188757373E+01 +2.7789949619106547E+01 
 494 +1.4820000000000000E+03 +1.7075674989468052E+01 +2.7781889994532985E+01 
 495 +1.4850000000000000E+03 +1.7075770387882237E+01 +2.7761230061955587E+01 
 496 +1.4880000000000000E+03 +1.7069222580407118E+01 +2.7748641709399099E+01 
 497 +1.4910000000000000E+03 +1.7052366520086778E+01 +2.7579447373506206E+01 
 498 +1.4940000000000000E+03 +1.6984087200657626E+01 +2.6743219217976971E+01 
 499 +1.4970000000000000E+03 +1.6540668952555546E+01 +2.1293195561442396E+01 
